623.00
6
1
0
0 1 1 13 23.00 7 (D 0,1,1) (S 3,5,5) (S 43,2,4) (S 32,4,2) (S 2,4,4) (S 0,2,2) (D 0,1,1)
0 1 2 70 114.00 18 (D 0,1,2) (S 46,1,5) (S 44,11,12) (S 7,12,12) (S 30,12,16) (S 11,16,16) (S 49,16,12) (S 50,12,11) (S 6,11,11) (S 35,12,6) (S 48,7,13) (S 26,13,17) (S 12,17,17) (S 21,17,18) (S 9,14,14) (S 23,14,18) (S 8,13,13) (D 0,1,2)
0 1 3 9 21.00 5 (D 0,1,3) (S 29,9,3) (S 41,3,9) (S 5,10,10) (D 0,1,3)
0 1 4 127 255.00 20 (D 0,1,4) (S 13,19,19) (S 36,19,22) (S 45,22,23) (S 20,23,24) (S 33,23,22) (S 14,22,22) (S 38,23,21) (S 39,21,23) (S 52,20,1) (S 42,1,20) (S 25,20,21) (S 16,21,24) (S 51,5,11) (S 47,6,12) (S 4,8,8) (S 22,7,8) (S 19,6,7) (S 37,5,2) (D 0,1,4)
0 1 5 16 24.00 4 (D 0,1,5) (S 27,1,9) (S 34,3,10) (D 0,1,5)
0 1 6 97 186.00 9 (D 0,1,6) (S 40,9,19) (S 15,19,20) (S 24,1,19) (S 1,3,3) (S 17,1,11) (S 28,6,11) (S 18,5,6) (D 0,1,6)
