54265.00
28
1
0
0 1 1 1639 2941.00 16 (D 0,1,1) (S 32,16,25) (S 105,34,43) (S 34,17,26) (S 51,27,36) (S 101,19,20) (S 0,12,12) (S 39,21,30) (S 56,30,31) (S 98,7,14) (S 102,22,21) (S 40,22,23) (S 46,24,33) (S 90,48,55) (S 93,51,52) (D 0,1,1)
0 1 2 1568 2410.00 10 (D 0,1,2) (S 5,1,16) (S 47,25,26) (S 94,52,53) (S 106,37,38) (S 88,47,54) (S 97,55,56) (S 91,49,56) (S 63,33,42) (D 0,1,2)
0 1 3 1506 2096.00 8 (D 0,1,3) (S 4,1,2) (S 21,10,20) (S 99,10,11) (S 50,27,28) (S 19,9,18) (S 33,17,18) (D 0,1,3)
0 1 4 1526 1938.00 7 (D 0,1,4) (S 6,2,3) (S 9,3,10) (S 20,10,19) (S 55,29,38) (S 3,30,30) (D 0,1,4)
0 1 5 1550 2143.00 7 (D 0,1,5) (S 2,25,25) (S 66,35,44) (S 95,53,54) (S 96,54,55) (S 43,23,24) (D 0,1,5)
0 1 6 1478 2072.00 7 (D 0,1,6) (S 15,6,13) (S 29,14,24) (S 41,22,31) (S 74,40,41) (S 75,40,48) (D 0,1,6)
0 1 7 1398 1833.00 6 (D 0,1,7) (S 31,16,17) (S 104,27,18) (S 53,28,37) (S 72,38,47) (D 0,1,7)
0 1 8 1588 1934.00 6 (D 0,1,8) (S 1,16,16) (S 103,26,27) (S 68,36,45) (S 82,45,46) (D 0,1,8)
0 1 9 1390 1859.00 6 (D 0,1,9) (S 11,4,11) (S 24,12,22) (S 28,14,23) (S 100,14,6) (D 0,1,9)
0 1 10 1527 2093.00 6 (D 0,1,10) (S 10,4,5) (S 77,42,49) (S 76,41,42) (S 59,32,33) (D 0,1,10)
0 1 11 1644 2196.00 6 (D 0,1,11) (S 8,3,4) (S 12,4,12) (S 58,31,40) (S 87,47,48) (D 0,1,11)
0 1 12 1596 2077.00 6 (D 0,1,12) (S 52,28,29) (S 71,38,46) (S 86,46,53) (S 67,36,37) (D 0,1,12)
0 1 13 1648 2307.00 6 (D 0,1,13) (S 79,43,50) (S 78,43,44) (S 80,44,45) (S 16,7,8) (D 0,1,13)
0 1 14 1352 1729.00 5 (D 0,1,14) (S 38,20,29) (S 54,29,30) (S 57,30,39) (D 0,1,14)
0 1 15 1356 1860.00 5 (D 0,1,15) (S 64,34,35) (S 65,35,36) (S 45,24,32) (D 0,1,15)
0 1 16 1366 1941.00 5 (D 0,1,16) (S 23,12,21) (S 89,48,49) (S 17,8,15) (D 0,1,16)
0 1 17 1638 1989.00 5 (D 0,1,17) (S 48,25,34) (S 92,50,51) (S 81,44,51) (D 0,1,17)
0 1 18 1536 1957.00 5 (D 0,1,18) (S 25,13,14) (S 27,14,15) (S 26,13,22) (D 0,1,18)
0 1 19 1648 2116.00 5 (D 0,1,19) (S 49,26,35) (S 73,39,40) (S 37,20,21) (D 0,1,19)
0 1 20 1126 1516.00 4 (D 0,1,20) (S 14,5,12) (S 61,32,41) (D 0,1,20)
0 1 21 1179 1446.00 4 (D 0,1,21) (S 35,18,19) (S 36,19,28) (D 0,1,21)
0 1 22 1153 1558.00 4 (D 0,1,22) (S 22,11,20) (S 85,46,52) (D 0,1,22)
0 1 23 1359 1553.00 4 (D 0,1,23) (S 7,2,9) (S 18,9,10) (D 0,1,23)
0 1 24 1163 1630.00 4 (D 0,1,24) (S 30,15,24) (S 62,32,42) (D 0,1,24)
0 1 25 1255 1672.00 4 (D 0,1,25) (S 13,5,6) (S 60,32,40) (D 0,1,25)
0 1 26 1278 1671.00 4 (D 0,1,26) (S 69,37,46) (S 70,38,39) (D 0,1,26)
0 1 27 1298 1787.00 4 (D 0,1,27) (S 44,23,32) (S 84,46,47) (D 0,1,27)
0 1 28 1437 1941.00 4 (D 0,1,28) (S 83,45,52) (S 42,22,32) (D 0,1,28)
