1322.00
11
1
0
0 1 1 51 102.00 16 (D 0,1,1) (S 29,15,23) (S 89,23,24) (S 10,24,24) (S 77,29,30) (S 90,30,29) (S 63,36,38) (S 93,38,36) (S 14,34,34) (S 18,42,42) (S 48,41,42) (S 79,33,34) (S 42,34,42) (S 85,41,33) (S 98,33,41) (D 0,1,1)
0 1 2 43 80.00 16 (D 0,1,2) (S 64,1,15) (S 53,15,24) (S 78,24,23) (S 9,23,23) (S 80,24,29) (S 56,27,28) (S 111,28,27) (S 8,21,21) (S 84,13,21) (S 107,21,13) (S 76,21,20) (S 100,20,21) (S 55,20,25) (S 11,25,25) (D 0,1,2)
0 1 3 137 270.00 31 (D 0,1,3) (S 73,17,18) (S 75,18,19) (S 4,11,11) (S 35,11,12) (S 88,7,4) (S 105,4,7) (S 22,7,12) (S 39,10,11) (S 81,6,5) (S 86,5,6) (S 1,6,6) (S 82,3,2) (S 95,2,3) (S 0,2,2) (S 34,3,4) (S 26,3,6) (S 31,6,11) (S 54,5,10) (S 7,18,18) (S 32,32,40) (S 17,40,40) (S 16,39,39) (S 58,39,40) (S 37,31,32) (S 52,31,39) (S 66,38,37) (S 24,37,44) (S 43,35,36) (S 72,35,34) (D 0,1,3)
0 1 4 33 56.00 8 (D 0,1,4) (S 103,1,16) (S 38,16,17) (S 71,30,38) (S 51,46,50) (S 74,50,49) (S 21,49,49) (D 0,1,4)
0 1 5 39 67.00 10 (D 0,1,5) (S 97,15,1) (S 5,15,15) (S 47,14,23) (S 59,23,22) (S 99,22,21) (S 68,21,26) (S 12,26,26) (S 102,26,25) (D 0,1,5)
0 1 6 123 250.00 19 (D 0,1,6) (S 92,16,1) (S 44,14,15) (S 13,29,29) (S 70,29,28) (S 91,28,22) (S 101,22,28) (S 36,26,27) (S 23,28,36) (S 15,35,35) (S 50,38,39) (S 25,45,46) (S 61,45,44) (S 27,43,44) (S 20,48,48) (S 33,43,48) (S 65,43,35) (S 106,45,49) (D 0,1,6)
0 1 7 174 351.00 21 (D 0,1,7) (S 30,14,22) (S 57,22,13) (S 108,13,22) (S 69,22,23) (S 104,30,17) (S 96,17,30) (S 109,50,45) (S 19,45,45) (S 46,38,46) (S 110,36,44) (S 94,31,17) (S 41,10,17) (S 3,10,10) (S 49,12,19) (S 40,40,47) (S 28,39,47) (S 6,17,17) (S 62,5,1) (S 83,9,8) (D 0,1,7)
0 1 8 15 42.00 4 (D 0,1,8) (S 2,9,9) (S 87,8,9) (D 0,1,8)
0 1 9 12 29.00 3 (D 0,1,9) (S 67,13,9) (D 0,1,9)
0 1 10 11 30.00 3 (D 0,1,10) (S 60,13,8) (D 0,1,10)
0 1 11 16 45.00 3 (D 0,1,11) (S 45,19,32) (D 0,1,11)
