1269.00
7
1
0
0 1 1 41 240.00 8 (D 0,1,1) (S 3,7,7) (S 2,5,5) (S 17,5,6) (S 21,6,9) (S 5,9,9) (S 18,9,10) (D 0,1,1)
0 1 2 40 200.00 7 (D 0,1,2) (S 1,4,4) (S 13,4,2) (S 24,3,6) (S 8,6,7) (S 15,7,10) (D 0,1,2)
0 1 3 41 177.00 7 (D 0,1,3) (S 10,1,7) (S 20,1,5) (S 25,5,7) (S 23,1,6) (S 11,7,8) (D 0,1,3)
0 1 4 39 114.00 5 (D 0,1,4) (S 22,4,5) (S 9,4,1) (S 19,2,3) (D 0,1,4)
0 1 5 41 171.00 6 (D 0,1,5) (S 0,2,2) (S 12,3,7) (S 16,2,8) (S 7,3,8) (D 0,1,5)
0 1 6 35 109.00 4 (D 0,1,6) (S 14,3,1) (S 4,8,8) (D 0,1,6)
0 1 7 8 258.00 3 (D 0,1,7) (S 6,8,10) (D 0,1,7)
