950.00
9
1
0
0 1 1 45 89.00 11 (D 0,1,1) (S 7,10,10) (S 81,10,17) (S 61,31,32) (S 77,32,31) (S 70,31,39) (S 86,39,31) (S 26,32,32) (S 107,30,39) (S 104,39,40) (D 0,1,1)
0 1 2 21 24.00 4 (D 0,1,2) (S 57,1,5) (S 3,5,5) (D 0,1,2)
0 1 3 70 143.00 16 (D 0,1,3) (S 12,15,15) (S 48,15,24) (S 20,24,24) (S 11,14,14) (S 41,9,14) (S 45,14,15) (S 74,14,22) (S 17,21,21) (S 53,21,22) (S 18,22,22) (S 76,22,14) (S 100,22,13) (S 10,13,13) (S 66,36,38) (D 0,1,3)
0 1 4 70 153.00 13 (D 0,1,4) (S 50,1,15) (S 6,9,9) (S 94,13,22) (S 92,13,8) (S 5,8,8) (S 96,8,13) (S 84,1,10) (S 83,38,36) (S 95,38,37) (S 98,37,38) (S 75,29,37) (D 0,1,4)
0 1 5 70 160.00 20 (D 0,1,5) (S 39,30,38) (S 47,35,36) (S 28,35,35) (S 29,36,36) (S 68,37,29) (S 101,29,23) (S 19,23,23) (S 22,27,27) (S 21,25,25) (S 99,25,26) (S 106,26,25) (S 73,25,20) (S 16,20,20) (S 97,20,25) (S 42,26,27) (S 87,27,35) (S 88,28,27) (S 56,41,42) (D 0,1,5)
0 1 6 66 117.00 10 (D 0,1,6) (S 105,17,30) (S 25,30,30) (S 24,29,29) (S 80,23,29) (S 46,23,28) (S 49,28,29) (S 30,38,38) (S 31,39,39) (D 0,1,6)
0 1 7 66 137.00 8 (D 0,1,7) (S 14,17,17) (S 44,17,31) (S 38,26,34) (S 82,34,35) (S 23,28,28) (S 54,42,43) (D 0,1,7)
0 1 8 28 73.00 5 (D 0,1,8) (S 43,34,42) (S 63,43,44) (S 33,44,44) (D 0,1,8)
0 1 9 13 54.00 3 (D 0,1,9) (S 32,43,43) (D 0,1,9)
