579.00
13
1
0
0 1 1 27 78.00 11 (D 0,1,1) (S 31,4,5) (S 3,5,5) (S 17,5,7) (S 10,7,11) (S 8,11,11) (S 25,7,10) (S 12,10,11) (S 15,5,8) (S 28,5,11) (D 0,1,1)
0 1 2 26 49.00 8 (D 0,1,2) (S 32,1,4) (S 2,4,4) (S 27,4,9) (S 7,9,9) (S 11,9,10) (S 13,6,10) (D 0,1,2)
0 1 3 27 74.00 8 (D 0,1,3) (S 20,1,10) (S 6,8,8) (S 39,3,7) (S 22,7,9) (S 9,5,10) (S 42,6,9) (D 0,1,3)
0 1 4 23 63.00 6 (D 0,1,4) (S 36,2,6) (S 16,5,6) (S 41,8,11) (S 5,7,7) (D 0,1,4)
0 1 5 26 85.00 6 (D 0,1,5) (S 26,2,7) (S 21,8,9) (S 18,3,10) (S 23,8,10) (D 0,1,5)
0 1 6 26 50.00 6 (D 0,1,6) (S 33,1,2) (S 35,2,4) (S 19,4,10) (S 14,3,8) (D 0,1,6)
0 1 7 23 44.00 6 (D 0,1,7) (S 40,1,3) (S 1,3,3) (S 29,3,4) (S 37,4,8) (D 0,1,7)
0 1 8 18 41.00 4 (D 0,1,8) (S 34,1,5) (S 38,4,11) (D 0,1,8)
0 1 9 7 13.00 3 (D 0,1,9) (S 24,2,3) (D 0,1,9)
0 1 10 7 15.00 3 (D 0,1,10) (S 43,2,10) (D 0,1,10)
0 1 11 9 17.00 3 (D 0,1,11) (S 30,2,8) (D 0,1,11)
0 1 12 23 24.00 3 (D 0,1,12) (S 0,2,2) (D 0,1,12)
0 1 13 24 26.00 3 (D 0,1,13) (S 4,6,6) (D 0,1,13)
