293.00
7
1
0
0 1 1 20 36.00 8 (D 0,1,1) (S 17,1,7) (S 3,5,5) (S 8,5,7) (S 11,8,10) (S 6,10,10) (S 5,8,8) (D 0,1,1)
0 1 2 11 30.00 6 (D 0,1,2) (S 26,1,2) (S 13,2,9) (S 24,2,6) (S 22,6,11) (D 0,1,2)
0 1 3 8 9.00 3 (D 0,1,3) (S 16,1,11) (D 0,1,3)
0 1 4 25 72.00 8 (D 0,1,4) (S 9,2,5) (S 19,7,9) (S 10,1,9) (S 25,1,6) (S 20,6,9) (S 23,7,8) (D 0,1,4)
0 1 5 26 51.00 5 (D 0,1,5) (S 4,7,7) (S 7,2,4) (S 2,4,4) (D 0,1,5)
0 1 6 27 54.00 5 (D 0,1,6) (S 0,2,2) (S 14,4,9) (S 18,6,10) (D 0,1,6)
0 1 7 15 41.00 4 (D 0,1,7) (S 21,6,7) (S 12,9,10) (D 0,1,7)
