827.00
10
1
0
0 1 1 45 147.00 13 (D 0,1,1) (S 4,10,10) (S 14,3,9) (S 21,3,10) (S 26,4,5) (S 29,5,4) (S 0,2,2) (S 5,11,11) (S 41,11,1) (S 31,1,9) (S 37,13,17) (S 8,17,17) (D 0,1,1)
0 1 2 43 77.00 7 (D 0,1,2) (S 39,9,19) (S 7,15,15) (S 36,15,21) (S 45,21,15) (S 11,21,21) (D 0,1,2)
0 1 3 4 16.00 3 (D 0,1,3) (S 38,20,15) (D 0,1,3)
0 1 4 45 67.00 6 (D 0,1,4) (S 40,19,9) (S 9,19,19) (S 10,20,20) (S 35,20,21) (D 0,1,4)
0 1 5 27 36.00 4 (D 0,1,5) (S 27,1,19) (S 23,19,20) (D 0,1,5)
0 1 6 44 93.00 7 (D 0,1,6) (S 15,3,4) (S 1,5,5) (S 17,5,11) (S 34,6,7) (S 47,17,16) (D 0,1,6)
0 1 7 25 74.00 7 (D 0,1,7) (S 13,2,5) (S 16,7,13) (S 25,17,13) (S 30,16,17) (S 46,16,15) (D 0,1,7)
0 1 8 42 140.00 8 (D 0,1,8) (S 2,6,6) (S 33,17,12) (S 28,12,11) (S 44,18,17) (S 6,12,12) (S 43,6,5) (D 0,1,8)
0 1 9 45 120.00 7 (D 0,1,9) (S 3,7,7) (S 32,14,8) (S 42,8,14) (S 18,14,18) (S 12,13,14) (D 0,1,9)
0 1 10 18 57.00 3 (D 0,1,10) (S 19,6,11) (D 0,1,10)
