1293.00
8
1
0
0 1 1 31 69.00 16 (D 0,1,1) (S 93,9,14) (S 78,15,23) (S 64,23,29) (S 89,29,23) (S 100,28,27) (S 105,27,28) (S 63,27,35) (S 16,35,35) (S 62,34,35) (S 75,36,38) (S 67,38,36) (S 23,46,46) (S 54,38,37) (S 18,37,37) (D 0,1,1)
0 1 2 34 60.00 11 (D 0,1,2) (S 109,1,9) (S 103,14,15) (S 6,15,15) (S 47,23,28) (S 108,27,26) (S 9,20,20) (S 77,20,25) (S 51,25,20) (S 12,25,25) (D 0,1,2)
0 1 3 21 36.00 8 (D 0,1,3) (S 91,1,15) (S 10,23,23) (S 81,23,22) (S 69,21,13) (S 113,13,21) (S 56,21,20) (D 0,1,3)
0 1 4 235 519.00 52 (D 0,1,4) (S 99,5,6) (S 59,6,5) (S 70,6,7) (S 55,7,4) (S 90,4,7) (S 85,12,11) (S 83,11,12) (S 36,18,19) (S 50,18,17) (S 106,31,32) (S 14,32,32) (S 38,10,11) (S 92,7,6) (S 37,6,11) (S 44,11,18) (S 41,16,17) (S 40,31,39) (S 76,38,30) (S 97,30,29) (S 11,24,24) (S 30,24,29) (S 13,29,29) (S 102,24,17) (S 46,10,17) (S 111,39,38) (S 116,35,34) (S 43,35,36) (S 98,30,38) (S 53,38,46) (S 88,46,38) (S 17,36,36) (S 87,42,41) (S 74,41,42) (S 15,33,33) (S 48,33,34) (S 60,26,27) (S 4,13,13) (S 33,21,26) (S 42,21,22) (S 58,22,13) (S 68,22,23) (S 26,28,36) (S 96,43,42) (S 71,41,33) (S 28,26,34) (S 29,34,42) (S 21,43,43) (S 57,45,46) (S 117,3,2) (S 82,2,3) (D 0,1,4)
0 1 5 157 298.00 23 (D 0,1,5) (S 52,9,1) (S 5,14,14) (S 94,15,1) (S 65,15,16) (S 7,16,16) (S 20,40,40) (S 19,39,39) (S 31,39,40) (S 32,28,29) (S 86,22,28) (S 80,13,8) (S 2,8,8) (S 110,8,13) (S 27,35,43) (S 72,48,49) (S 24,49,49) (S 79,49,48) (S 112,48,45) (S 22,45,45) (S 35,44,45) (S 115,44,37) (D 0,1,5)
0 1 6 39 71.00 7 (D 0,1,6) (S 104,1,5) (S 45,7,12) (S 84,12,19) (S 0,2,2) (S 1,3,3) (D 0,1,6)
0 1 7 47 132.00 7 (D 0,1,7) (S 107,14,22) (S 39,43,48) (S 49,45,48) (S 66,17,31) (S 61,4,3) (D 0,1,7)
0 1 8 66 108.00 6 (D 0,1,8) (S 114,9,13) (S 8,17,17) (S 3,10,10) (S 34,19,32) (D 0,1,8)
