1353.00
10
1
0
0 1 1 70 149.00 25 (D 0,1,1) (S 81,1,9) (S 45,9,14) (S 6,14,14) (S 72,15,23) (S 106,23,24) (S 14,24,24) (S 84,24,23) (S 89,23,29) (S 17,29,29) (S 18,30,30) (S 23,38,38) (S 109,38,36) (S 114,36,38) (S 30,50,50) (S 36,46,50) (S 66,46,45) (S 22,37,37) (S 101,37,29) (S 48,29,30) (S 68,29,24) (S 13,23,23) (S 42,14,23) (S 100,27,28) (D 0,1,1)
0 1 2 70 168.00 19 (D 0,1,2) (S 4,11,11) (S 102,11,12) (S 96,12,11) (S 10,18,18) (S 90,12,7) (S 92,7,12) (S 1,3,3) (S 67,3,4) (S 85,4,3) (S 73,6,5) (S 108,5,6) (S 3,6,6) (S 49,3,6) (S 41,4,7) (S 31,12,19) (S 19,31,31) (S 60,29,23) (D 0,1,2)
0 1 3 28 38.00 5 (D 0,1,3) (S 59,9,1) (S 93,1,16) (S 8,16,16) (D 0,1,3)
0 1 4 48 101.00 11 (D 0,1,4) (S 107,10,11) (S 47,11,18) (S 53,32,40) (S 111,32,31) (S 94,31,32) (S 9,17,17) (S 37,15,24) (S 7,15,15) (S 99,15,16) (D 0,1,4)
0 1 5 67 165.00 18 (D 0,1,5) (S 52,14,15) (S 78,30,24) (S 33,30,38) (S 54,35,36) (S 87,28,27) (S 15,25,25) (S 58,25,26) (S 70,26,25) (S 91,25,20) (S 82,20,25) (S 44,20,21) (S 11,21,21) (S 51,26,27) (S 16,28,28) (S 112,27,35) (S 26,43,43) (D 0,1,5)
0 1 6 70 168.00 12 (D 0,1,6) (S 71,10,17) (S 95,17,30) (S 56,30,17) (S 35,17,24) (S 75,9,13) (S 65,13,22) (S 57,22,14) (S 5,13,13) (S 64,45,44) (S 97,44,43) (D 0,1,6)
0 1 7 67 133.00 8 (D 0,1,7) (S 104,1,10) (S 39,17,31) (S 113,32,19) (S 77,19,32) (S 32,38,46) (S 27,45,45) (D 0,1,7)
0 1 8 70 180.00 11 (D 0,1,8) (S 12,22,22) (S 46,28,29) (S 50,28,36) (S 43,36,44) (S 63,44,37) (S 40,26,34) (S 105,34,35) (S 79,35,43) (S 74,48,49) (D 0,1,8)
0 1 9 54 169.00 9 (D 0,1,9) (S 28,48,48) (S 29,49,49) (S 62,49,48) (S 34,45,48) (S 55,43,35) (S 103,43,48) (S 21,34,34) (D 0,1,9)
0 1 10 17 82.00 3 (D 0,1,10) (S 2,5,5) (D 0,1,10)
