1154.00
11
1
0
0 1 1 224 437.00 54 (D 0,1,1) (S 4,9,9) (S 73,13,21) (S 18,26,26) (S 105,21,20) (S 107,20,21) (S 13,21,21) (S 49,21,26) (S 99,34,35) (S 19,27,27) (S 25,35,35) (S 26,36,36) (S 50,35,36) (S 97,35,27) (S 104,27,35) (S 84,27,26) (S 66,20,25) (S 24,33,33) (S 39,25,33) (S 17,25,25) (S 78,41,42) (S 57,42,41) (S 29,41,41) (S 100,28,27) (S 47,26,34) (S 42,34,42) (S 70,43,42) (S 30,43,43) (S 33,48,48) (S 80,45,46) (S 69,46,45) (S 74,38,36) (S 31,44,44) (S 35,36,44) (S 16,24,24) (S 52,24,29) (S 20,29,29) (S 11,17,17) (S 21,30,30) (S 81,30,29) (S 111,24,17) (S 53,10,11) (S 89,11,12) (S 87,12,11) (S 5,10,10) (S 76,10,5) (S 86,2,3) (S 94,3,2) (S 41,2,5) (S 95,5,6) (S 2,6,6) (S 56,6,7) (S 3,7,7) (D 0,1,1)
0 1 2 24 44.00 7 (D 0,1,2) (S 90,1,9) (S 72,9,1) (S 59,1,10) (S 108,6,5) (S 0,3,3) (D 0,1,2)
0 1 3 33 76.00 8 (D 0,1,3) (S 79,1,16) (S 110,15,23) (S 82,23,29) (S 40,28,36) (S 44,28,29) (S 22,31,31) (D 0,1,3)
0 1 4 29 64.00 9 (D 0,1,4) (S 103,16,15) (S 75,15,1) (S 6,11,11) (S 12,18,18) (S 36,18,19) (S 23,32,32) (S 62,32,31) (D 0,1,4)
0 1 5 12 15.00 3 (D 0,1,5) (S 101,1,5) (D 0,1,5)
0 1 6 23 35.00 4 (D 0,1,6) (S 43,10,17) (S 93,17,31) (D 0,1,6)
0 1 7 113 227.00 14 (D 0,1,7) (S 10,16,16) (S 85,15,16) (S 9,15,15) (S 15,23,23) (S 54,33,41) (S 46,35,43) (S 92,48,45) (S 106,50,46) (S 63,38,30) (S 48,17,30) (S 67,12,19) (S 51,19,32) (D 0,1,7)
0 1 8 51 89.00 7 (D 0,1,8) (S 7,13,13) (S 45,43,48) (S 37,45,50) (S 60,50,49) (S 34,49,49) (D 0,1,8)
0 1 9 32 122.00 9 (D 0,1,9) (S 68,8,13) (S 91,38,37) (S 55,37,38) (S 102,38,46) (S 65,46,38) (S 113,37,44) (S 58,45,48) (D 0,1,9)
0 1 10 12 19.00 3 (D 0,1,10) (S 77,9,13) (D 0,1,10)
0 1 11 10 26.00 3 (D 0,1,11) (S 38,8,9) (D 0,1,11)
