854.00
8
1
0
0 1 1 34 80.00 10 (D 0,1,1) (S 21,31,31) (S 26,1,31) (S 52,6,11) (S 45,11,6) (S 33,11,12) (S 49,12,13) (S 2,4,4) (S 30,4,13) (D 0,1,1)
0 1 2 49 133.00 9 (D 0,1,2) (S 38,7,6) (S 3,6,6) (S 53,5,31) (S 22,1,7) (S 12,18,18) (S 39,18,19) (S 35,19,18) (D 0,1,2)
0 1 3 50 123.00 9 (D 0,1,3) (S 4,7,7) (S 47,10,5) (S 37,5,6) (S 6,10,10) (S 44,5,10) (S 23,10,11) (S 43,9,4) (D 0,1,3)
0 1 4 50 153.00 9 (D 0,1,4) (S 46,12,11) (S 41,12,18) (S 36,18,12) (S 50,21,18) (S 27,19,21) (S 54,19,22) (S 13,19,19) (D 0,1,4)
0 1 5 18 42.00 3 (D 0,1,5) (S 7,13,13) (D 0,1,5)
0 1 6 47 89.00 6 (D 0,1,6) (S 5,9,9) (S 25,3,9) (S 42,3,2) (S 0,2,2) (D 0,1,6)
0 1 7 49 154.00 6 (D 0,1,7) (S 31,8,9) (S 1,3,3) (S 29,8,12) (S 28,20,22) (D 0,1,7)
0 1 8 14 80.00 3 (D 0,1,8) (S 32,21,22) (D 0,1,8)
