709.00
13
1
0
0 1 1 23 40.00 7 (D 0,1,1) (S 13,1,5) (S 47,5,4) (S 29,4,5) (S 2,5,5) (S 4,9,9) (D 0,1,1)
0 1 2 15 23.00 4 (D 0,1,2) (S 34,20,15) (S 8,15,15) (D 0,1,2)
0 1 3 9 12.00 3 (D 0,1,3) (S 46,1,9) (D 0,1,3)
0 1 4 19 42.00 5 (D 0,1,4) (S 33,1,11) (S 37,11,1) (S 39,19,9) (D 0,1,4)
0 1 5 22 31.00 4 (D 0,1,5) (S 38,1,19) (S 11,22,22) (D 0,1,5)
0 1 6 37 63.00 7 (D 0,1,6) (S 15,1,20) (S 49,21,24) (S 20,23,24) (S 36,24,21) (S 45,21,15) (D 0,1,6)
0 1 7 24 37.00 4 (D 0,1,7) (S 40,20,21) (S 21,21,23) (D 0,1,7)
0 1 8 41 130.00 15 (D 0,1,8) (S 6,13,13) (S 7,14,14) (S 10,17,17) (S 35,17,16) (S 30,16,17) (S 43,17,13) (S 3,8,8) (S 12,7,13) (S 48,18,17) (S 9,16,16) (S 5,12,12) (S 28,12,17) (S 32,17,12) (D 0,1,8)
0 1 9 44 104.00 8 (D 0,1,9) (S 24,5,6) (S 41,6,7) (S 25,7,6) (S 16,12,16) (S 22,13,14) (S 14,14,18) (D 0,1,9)
0 1 10 13 22.00 3 (D 0,1,10) (S 44,19,22) (D 0,1,10)
0 1 11 39 77.00 5 (D 0,1,11) (S 1,3,3) (S 23,3,4) (S 26,19,20) (D 0,1,11)
0 1 12 35 83.00 5 (D 0,1,12) (S 19,6,12) (S 18,7,8) (S 42,6,5) (D 0,1,12)
0 1 13 18 45.00 3 (D 0,1,13) (S 17,6,11) (D 0,1,13)
