367.00
8
1
0
0 1 1 5 48.00 7 (D 0,1,1) (S 10,1,12) (S 0,2,2) (S 5,9,9) (S 7,11,11) (S 9,6,11) (D 0,1,1)
0 1 2 5 49.00 7 (D 0,1,2) (S 20,1,2) (S 11,2,9) (S 15,9,11) (S 3,7,7) (S 4,8,8) (D 0,1,2)
0 1 3 1 20.00 3 (D 0,1,3) (S 6,10,10) (D 0,1,3)
0 1 4 1 20.00 3 (D 0,1,4) (S 18,1,10) (D 0,1,4)
0 1 5 3 33.00 5 (D 0,1,5) (S 19,1,7) (S 16,7,8) (S 12,8,10) (D 0,1,5)
0 1 6 4 67.00 6 (D 0,1,6) (S 17,2,3) (S 2,5,5) (S 21,5,11) (S 14,6,7) (D 0,1,6)
0 1 7 1 37.00 3 (D 0,1,7) (S 13,3,5) (D 0,1,7)
0 1 8 2 93.00 4 (D 0,1,8) (S 1,4,4) (S 8,3,4) (D 0,1,8)
