481.00
8
1
0
0 1 1 44 92.00 13 (D 0,1,1) (S 19,1,5) (S 0,2,2) (S 25,2,10) (S 39,10,2) (S 28,5,4) (S 43,4,5) (S 20,5,11) (S 45,11,1) (S 30,20,15) (S 8,15,15) (S 38,15,20) (D 0,1,1)
0 1 2 42 66.00 7 (D 0,1,2) (S 33,1,9) (S 31,9,19) (S 14,23,23) (S 21,22,23) (S 13,21,21) (D 0,1,2)
0 1 3 45 86.00 6 (D 0,1,3) (S 32,1,11) (S 16,2,5) (S 36,5,6) (S 18,6,11) (D 0,1,3)
0 1 4 34 53.00 5 (D 0,1,4) (S 42,19,9) (S 12,19,19) (S 35,19,22) (D 0,1,4)
0 1 5 25 46.00 4 (D 0,1,5) (S 29,1,19) (S 15,21,23) (D 0,1,5)
0 1 6 25 33.00 4 (D 0,1,6) (S 23,1,20) (S 27,20,21) (D 0,1,6)
0 1 7 25 49.00 4 (D 0,1,7) (S 1,3,3) (S 22,3,4) (D 0,1,7)
0 1 8 29 56.00 3 (D 0,1,8) (S 2,6,6) (D 0,1,8)
