780.00
10
1
0
0 1 1 34 62.00 13 (D 0,1,1) (S 60,1,2) (S 62,2,1) (S 3,5,5) (S 4,6,6) (S 56,31,5) (S 42,5,6) (S 39,6,11) (S 44,10,14) (S 8,14,14) (S 38,14,10) (S 10,16,16) (D 0,1,1)
0 1 2 50 153.00 14 (D 0,1,2) (S 26,1,31) (S 31,29,31) (S 27,28,31) (S 33,5,10) (S 47,10,5) (S 7,12,12) (S 48,12,11) (S 41,11,6) (S 45,11,12) (S 55,12,18) (S 2,4,4) (S 43,9,4) (D 0,1,2)
0 1 3 36 48.00 7 (D 0,1,3) (S 1,3,3) (S 46,3,2) (S 49,2,3) (S 35,1,30) (S 16,30,30) (D 0,1,3)
0 1 4 48 86.00 8 (D 0,1,4) (S 0,2,2) (S 25,4,13) (S 53,13,12) (S 11,18,18) (S 50,18,12) (S 30,6,31) (D 0,1,4)
0 1 5 25 38.00 5 (D 0,1,5) (S 58,29,28) (S 40,28,26) (S 14,26,26) (D 0,1,5)
0 1 6 5 17.00 3 (D 0,1,6) (S 63,29,30) (D 0,1,6)
0 1 7 8 18.00 3 (D 0,1,7) (S 57,10,16) (D 0,1,7)
0 1 8 50 147.00 7 (D 0,1,8) (S 19,3,4) (S 52,21,18) (S 6,8,8) (S 28,8,12) (S 22,19,21) (D 0,1,8)
0 1 9 44 125.00 6 (D 0,1,9) (S 29,10,11) (S 34,19,22) (S 21,20,22) (S 18,21,22) (D 0,1,9)
0 1 10 40 86.00 5 (D 0,1,10) (S 17,13,19) (S 12,19,19) (S 32,9,13) (D 0,1,10)
