481.00
8
1
0
0 1 1 1 5.00 3 (D 0,1,1) (S 18,1,12) (D 0,1,1)
0 1 2 5 64.00 7 (D 0,1,2) (S 4,9,9) (S 5,10,10) (S 23,10,11) (S 3,8,8) (S 8,8,11) (D 0,1,2)
0 1 3 3 69.00 5 (D 0,1,3) (S 15,1,9) (S 21,9,10) (S 20,6,12) (D 0,1,3)
0 1 4 5 76.00 6 (D 0,1,4) (S 7,1,2) (S 16,2,9) (S 11,6,7) (S 2,7,7) (D 0,1,4)
0 1 5 3 58.00 5 (D 0,1,5) (S 17,1,7) (S 13,7,8) (S 6,6,8) (D 0,1,5)
0 1 6 5 59.00 6 (D 0,1,6) (S 9,2,4) (S 0,4,4) (S 19,2,3) (S 1,5,5) (D 0,1,6)
0 1 7 2 45.00 4 (D 0,1,7) (S 12,3,5) (S 10,5,6) (D 0,1,7)
0 1 8 2 105.00 4 (D 0,1,8) (S 14,3,4) (S 22,5,11) (D 0,1,8)
