1823.00
7
1
0
0 1 1 16 27.00 4 (D 0,1,1) (S 62,2,7) (S 2,7,7) (D 0,1,1)
0 1 2 87 141.00 20 (D 0,1,2) (S 52,1,2) (S 35,2,3) (S 12,23,23) (S 84,15,14) (S 107,14,15) (S 6,14,14) (S 7,15,15) (S 41,15,23) (S 92,31,32) (S 20,32,32) (S 63,32,31) (S 24,36,36) (S 56,36,42) (S 27,41,41) (S 53,41,48) (S 31,48,48) (S 73,41,35) (S 23,35,35) (D 0,1,2)
0 1 3 14 40.00 5 (D 0,1,3) (S 39,3,9) (S 69,9,8) (S 98,8,7) (D 0,1,3)
0 1 4 43 104.00 10 (D 0,1,4) (S 70,4,10) (S 4,10,10) (S 108,10,17) (S 8,16,16) (S 89,16,17) (S 99,17,16) (S 76,16,9) (S 3,8,8) (D 0,1,4)
0 1 5 250 673.00 48 (D 0,1,5) (S 46,9,15) (S 90,37,43) (S 82,43,37) (S 95,37,36) (S 28,42,42) (S 65,42,41) (S 32,49,49) (S 33,50,50) (S 91,50,45) (S 81,45,50) (S 93,50,44) (S 114,44,50) (S 109,50,43) (S 29,43,43) (S 88,37,32) (S 43,31,37) (S 116,37,38) (S 16,28,28) (S 49,25,28) (S 50,28,38) (S 59,38,45) (S 112,45,38) (S 25,38,38) (S 100,32,24) (S 64,24,16) (S 120,9,10) (S 104,17,10) (S 34,17,25) (S 13,24,24) (S 119,24,25) (S 47,32,38) (S 85,22,23) (S 37,23,31) (S 19,31,31) (S 121,43,42) (S 55,48,49) (S 71,49,50) (S 78,44,49) (S 10,21,21) (S 115,21,27) (S 67,27,21) (S 111,12,13) (S 79,13,21) (S 72,20,12) (S 103,12,20) (S 60,12,6) (D 0,1,5)
0 1 6 243 666.00 41 (D 0,1,6) (S 57,3,4) (S 11,22,22) (S 94,22,14) (S 110,24,32) (S 48,22,31) (S 15,27,27) (S 80,12,11) (S 58,11,12) (S 5,13,13) (S 51,6,13) (S 18,30,30) (S 22,34,34) (S 14,26,26) (S 113,26,19) (S 106,19,26) (S 17,29,29) (S 45,26,29) (S 77,18,19) (S 101,26,18) (S 117,18,26) (S 9,19,19) (S 75,11,5) (S 118,5,11) (S 0,5,5) (S 38,5,6) (S 1,6,6) (S 42,20,21) (S 68,30,34) (S 54,34,26) (S 83,26,34) (S 36,33,34) (S 74,33,29) (S 86,29,18) (S 87,18,29) (S 97,19,11) (S 102,20,30) (S 66,30,20) (S 44,27,36) (S 61,18,5) (D 0,1,6)
0 1 7 21 172.00 3 (D 0,1,7) (S 21,33,33) (D 0,1,7)
