442.00
8
1
0
0 1 1 27 94.00 10 (D 0,1,1) (S 1,3,3) (S 24,1,5) (S 10,5,8) (S 3,5,5) (S 13,7,10) (S 26,1,9) (S 6,9,9) (S 22,6,9) (D 0,1,1)
0 1 2 27 81.00 10 (D 0,1,2) (S 9,1,7) (S 5,7,7) (S 14,3,7) (S 31,1,3) (S 27,3,5) (S 8,8,9) (S 30,1,4) (S 12,6,10) (D 0,1,2)
0 1 3 27 41.00 6 (D 0,1,3) (S 23,1,8) (S 11,5,10) (S 7,10,10) (S 35,1,11) (D 0,1,3)
0 1 4 18 46.00 5 (D 0,1,4) (S 16,3,10) (S 21,7,9) (S 34,5,11) (D 0,1,4)
0 1 5 13 40.00 5 (D 0,1,5) (S 32,4,10) (S 17,6,7) (S 29,4,11) (D 0,1,5)
0 1 6 27 74.00 5 (D 0,1,6) (S 18,4,7) (S 19,3,9) (S 4,6,6) (D 0,1,6)
0 1 7 18 40.00 4 (D 0,1,7) (S 28,4,6) (S 20,3,11) (D 0,1,7)
0 1 8 16 26.00 3 (D 0,1,8) (S 2,4,4) (D 0,1,8)
