477.00
9
1
0
0 1 1 3 10.00 3 (D 0,1,1) (S 1,3,3) (D 0,1,1)
0 1 2 34 102.00 7 (D 0,1,2) (S 16,1,2) (S 18,2,6) (S 10,6,12) (S 17,12,13) (S 7,11,13) (D 0,1,2)
0 1 3 12 19.00 3 (D 0,1,3) (S 15,1,3) (D 0,1,3)
0 1 4 34 60.00 4 (D 0,1,4) (S 0,2,2) (S 8,6,10) (D 0,1,4)
0 1 5 30 70.00 4 (D 0,1,5) (S 12,1,4) (S 5,11,11) (D 0,1,5)
0 1 6 28 72.00 5 (D 0,1,6) (S 6,2,7) (S 14,7,9) (S 4,9,9) (D 0,1,6)
0 1 7 23 33.00 3 (D 0,1,7) (S 2,4,4) (D 0,1,7)
0 1 8 14 55.00 3 (D 0,1,8) (S 13,10,11) (D 0,1,8)
0 1 9 16 56.00 3 (D 0,1,9) (S 9,4,11) (D 0,1,9)
