179.00
11
1
0
0 1 1 11 21.00 6 (D 0,1,1) (S 7,1,2) (S 1,3,3) (S 3,5,5) (S 14,5,7) (D 0,1,1)
0 1 2 8 11.00 4 (D 0,1,2) (S 5,1,3) (S 9,3,5) (D 0,1,2)
0 1 3 4 6.00 3 (D 0,1,3) (S 15,1,5) (D 0,1,3)
0 1 4 18 27.00 6 (D 0,1,4) (S 0,2,2) (S 2,4,4) (S 10,4,6) (S 4,6,6) (D 0,1,4)
0 1 5 3 7.00 3 (D 0,1,5) (S 12,1,7) (D 0,1,5)
0 1 6 2 9.00 3 (D 0,1,6) (S 11,3,6) (D 0,1,6)
0 1 7 9 22.00 4 (D 0,1,7) (S 6,1,4) (S 13,4,7) (D 0,1,7)
0 1 8 16 33.00 4 (D 0,1,8) (S 8,2,4) (S 16,1,6) (D 0,1,8)
0 1 9 5 13.00 3 (D 0,1,9) (S 19,2,6) (D 0,1,9)
0 1 10 6 14.00 3 (D 0,1,10) (S 18,2,7) (D 0,1,10)
0 1 11 7 16.00 3 (D 0,1,11) (S 17,3,7) (D 0,1,11)
