1310.00
16
1
0
0 1 1 12 29.00 5 (D 0,1,1) (S 2,5,5) (S 82,18,19) (S 16,19,19) (D 0,1,1)
0 1 2 80 139.00 16 (D 0,1,2) (S 83,2,7) (S 49,7,8) (S 4,7,7) (S 62,13,12) (S 8,11,11) (S 72,11,5) (S 102,5,18) (S 26,29,29) (S 97,29,26) (S 87,26,29) (S 61,26,18) (S 15,18,18) (S 64,18,29) (S 23,26,26) (D 0,1,2)
0 1 3 8 15.00 3 (D 0,1,3) (S 66,1,5) (D 0,1,3)
0 1 4 70 114.00 16 (D 0,1,4) (S 0,3,3) (S 94,3,9) (S 77,9,15) (S 88,14,15) (S 91,15,14) (S 101,15,16) (S 98,16,15) (S 12,15,15) (S 74,15,9) (S 11,14,14) (S 13,16,16) (S 55,16,24) (S 21,24,24) (S 22,25,25) (D 0,1,4)
0 1 5 35 87.00 9 (D 0,1,5) (S 80,2,3) (S 25,28,28) (S 34,38,38) (S 40,45,45) (S 45,43,45) (S 95,43,37) (S 33,37,37) (D 0,1,5)
0 1 6 48 110.00 9 (D 0,1,6) (S 10,13,13) (S 69,13,14) (S 92,32,28) (S 78,28,38) (S 46,38,45) (S 38,43,43) (S 84,38,37) (D 0,1,6)
0 1 7 34 58.00 7 (D 0,1,7) (S 52,1,2) (S 63,6,13) (S 9,12,12) (S 104,12,11) (S 65,11,19) (D 0,1,7)
0 1 8 31 70.00 6 (D 0,1,8) (S 5,8,8) (S 50,6,7) (S 17,20,20) (S 76,20,19) (D 0,1,8)
0 1 9 10 41.00 4 (D 0,1,9) (S 56,12,20) (S 27,30,30) (D 0,1,9)
0 1 10 27 56.00 4 (D 0,1,10) (S 3,6,6) (S 89,24,25) (D 0,1,10)
0 1 11 43 97.00 9 (D 0,1,11) (S 6,9,9) (S 67,24,32) (S 28,31,31) (S 96,31,27) (S 31,35,35) (S 32,36,36) (S 105,36,37) (D 0,1,11)
0 1 12 14 65.00 5 (D 0,1,12) (S 86,32,31) (S 90,27,35) (S 106,34,30) (D 0,1,12)
0 1 13 47 126.00 10 (D 0,1,13) (S 60,32,24) (S 29,32,32) (S 47,35,36) (S 58,34,35) (S 93,34,33) (S 36,40,40) (S 100,40,47) (S 42,47,47) (D 0,1,13)
0 1 14 12 43.00 3 (D 0,1,14) (S 68,20,30) (D 0,1,14)
0 1 15 52 162.00 10 (D 0,1,15) (S 103,35,27) (S 30,34,34) (S 35,39,39) (S 85,33,34) (S 44,33,40) (S 48,33,39) (S 41,46,46) (S 73,33,29) (D 0,1,15)
0 1 16 38 98.00 4 (D 0,1,16) (S 24,27,27) (S 54,33,46) (D 0,1,16)
