1254.00
8
1
0
0 1 1 27 46.00 10 (D 0,1,1) (S 2,6,6) (S 8,12,12) (S 59,12,20) (S 13,20,20) (S 73,21,13) (S 115,13,12) (S 116,12,11) (S 7,11,11) (D 0,1,1)
0 1 2 58 86.00 14 (D 0,1,2) (S 45,1,6) (S 9,13,13) (S 69,13,21) (S 96,21,27) (S 92,30,26) (S 113,26,19) (S 104,19,26) (S 66,18,19) (S 107,26,18) (S 106,18,26) (S 17,26,26) (S 98,19,11) (D 0,1,2)
0 1 3 21 34.00 5 (D 0,1,3) (S 4,8,8) (S 74,14,15) (S 10,15,15) (D 0,1,3)
0 1 4 140 312.00 28 (D 0,1,4) (S 94,7,8) (S 53,8,14) (S 109,14,22) (S 71,31,32) (S 42,28,32) (S 103,32,31) (S 26,36,36) (S 25,35,35) (S 57,35,27) (S 20,30,30) (S 93,27,21) (S 117,12,6) (S 50,6,13) (S 52,20,21) (S 39,27,30) (S 19,29,29) (S 64,29,18) (S 100,18,29) (S 60,19,20) (S 84,20,30) (S 79,27,35) (S 18,27,27) (S 80,30,20) (S 41,6,7) (S 3,7,7) (S 88,5,11) (D 0,1,4)
0 1 5 178 394.00 34 (D 0,1,5) (S 1,5,5) (S 40,5,6) (S 91,37,43) (S 30,43,43) (S 81,43,37) (S 65,37,36) (S 87,36,35) (S 78,18,5) (S 38,31,37) (S 108,37,32) (S 112,32,37) (S 29,42,42) (S 47,42,44) (S 77,42,36) (S 48,22,31) (S 21,31,31) (S 22,32,32) (S 61,32,24) (S 101,24,16) (S 67,16,24) (S 16,24,24) (S 76,24,25) (S 54,25,28) (S 72,43,50) (S 55,50,43) (S 99,43,42) (S 28,41,41) (S 51,41,48) (S 36,41,49) (S 34,49,49) (S 86,40,34) (S 24,34,34) (D 0,1,5)
0 1 6 73 156.00 13 (D 0,1,6) (S 14,22,22) (S 89,37,38) (S 32,45,45) (S 111,45,38) (S 62,38,45) (S 68,38,43) (S 31,44,44) (S 105,42,41) (S 27,40,40) (S 44,40,41) (S 58,48,47) (D 0,1,6)
0 1 7 34 117.00 8 (D 0,1,7) (S 56,24,32) (S 37,28,38) (S 97,38,37) (S 70,50,44) (S 90,48,49) (S 82,49,48) (D 0,1,7)
0 1 8 23 109.00 4 (D 0,1,8) (S 35,50,50) (S 11,16,16) (D 0,1,8)
