438.00
11
1
0
0 1 1 7 8.00 3 (D 0,1,1) (S 28,1,19) (D 0,1,1)
0 1 2 20 45.00 5 (D 0,1,2) (S 16,1,27) (S 12,26,27) (S 36,1,17) (D 0,1,2)
0 1 3 12 23.00 4 (D 0,1,3) (S 43,1,15) (S 27,15,17) (D 0,1,3)
0 1 4 11 25.00 5 (D 0,1,4) (S 21,3,6) (S 35,6,7) (S 3,7,7) (D 0,1,4)
0 1 5 22 97.00 9 (D 0,1,5) (S 18,1,3) (S 10,24,24) (S 34,8,27) (S 4,8,8) (S 11,8,24) (S 40,23,26) (S 39,4,19) (D 0,1,5)
0 1 6 13 33.00 5 (D 0,1,6) (S 41,3,4) (S 25,4,10) (S 38,10,11) (D 0,1,6)
0 1 7 10 26.00 4 (D 0,1,7) (S 42,15,20) (S 7,20,20) (D 0,1,7)
0 1 8 17 30.00 4 (D 0,1,8) (S 2,6,6) (S 24,6,10) (D 0,1,8)
0 1 9 21 73.00 5 (D 0,1,9) (S 19,3,8) (S 45,24,27) (S 30,6,8) (D 0,1,9)
0 1 10 20 34.00 3 (D 0,1,10) (S 1,4,4) (D 0,1,10)
0 1 11 9 44.00 3 (D 0,1,11) (S 13,23,24) (D 0,1,11)
