246.00
6
1
0
0 1 1 43 75.00 19 (D 0,1,1) (S 23,1,3) (S 0,3,3) (S 21,3,9) (S 3,9,9) (S 25,9,19) (S 15,19,20) (S 8,20,20) (S 35,19,9) (S 40,20,21) (S 9,21,21) (S 6,12,12) (S 11,12,16) (S 13,16,17) (S 26,13,12) (S 36,17,13) (S 22,13,14) (S 7,14,14) (D 0,1,1)
0 1 2 40 66.00 12 (D 0,1,2) (S 30,3,1) (S 14,1,2) (S 20,2,4) (S 31,4,3) (S 27,15,11) (S 5,11,11) (S 1,5,5) (S 19,5,10) (S 4,10,10) (S 33,6,12) (D 0,1,2)
0 1 3 3 11.00 3 (D 0,1,3) (S 32,15,16) (D 0,1,3)
0 1 4 24 55.00 8 (D 0,1,4) (S 17,15,21) (S 10,5,11) (S 18,5,6) (S 28,6,7) (S 2,7,7) (S 39,7,6) (D 0,1,4)
0 1 5 9 20.00 4 (D 0,1,5) (S 16,19,22) (S 29,24,21) (D 0,1,5)
0 1 6 9 19.00 4 (D 0,1,6) (S 37,22,23) (S 12,23,24) (D 0,1,6)
