5757.00
6
15000000
15000000
0 1 1 234 993.00 16 (D 0,1,1) (S 168,1,116) (S 44,2,2) (S 170,2,117) (S 266,117,2) (S 265,117,116) (S 264,116,1) (S 169,116,117) (S 172,117,119) (S 268,119,117) (S 261,113,112) (S 165,112,113) (S 167,113,114) (S 48,114,114) (S 162,110,111) (D 0,1,1)
0 1 2 226 1008.00 19 (D 0,1,2) (S 263,114,113) (S 12,111,111) (S 258,111,110) (S 257,110,107) (S 161,107,110) (S 163,110,112) (S 259,112,110) (S 164,107,112) (S 260,112,107) (S 17,108,108) (S 43,106,106) (S 251,105,104) (S 25,104,104) (S 155,104,105) (S 156,105,106) (S 252,106,105) (S 21,102,102) (D 0,1,2)
0 1 3 221 1102.00 10 (D 0,1,3) (S 171,117,118) (S 14,103,103) (S 158,107,108) (S 254,108,107) (S 253,107,106) (S 157,106,107) (S 250,104,102) (S 154,102,104) (D 0,1,3)
0 1 4 199 900.00 6 (D 0,1,4) (S 267,118,117) (S 269,118,114) (S 262,113,103) (S 166,103,113) (D 0,1,4)
0 1 5 134 740.00 5 (D 0,1,5) (S 255,108,106) (S 159,106,108) (S 173,114,118) (D 0,1,5)
0 1 6 206 1014.00 4 (D 0,1,6) (S 160,108,109) (S 256,109,108) (D 0,1,6)
