1119.00
9
1
0
0 1 1 50 140.00 15 (D 0,1,1) (S 36,1,2) (S 33,2,1) (S 47,31,5) (S 39,5,31) (S 15,28,28) (S 20,26,27) (S 21,29,31) (S 3,5,5) (S 30,1,31) (S 0,2,2) (S 42,1,30) (S 6,10,10) (S 2,4,4) (D 0,1,1)
0 1 2 49 120.00 10 (D 0,1,2) (S 60,30,1) (S 26,24,27) (S 27,27,29) (S 59,29,30) (S 57,30,29) (S 62,29,28) (S 50,28,26) (S 54,6,5) (D 0,1,2)
0 1 3 50 142.00 10 (D 0,1,3) (S 58,26,28) (S 14,23,23) (S 17,23,24) (S 7,11,11) (S 37,11,12) (S 8,12,12) (S 46,12,13) (S 49,18,21) (D 0,1,3)
0 1 4 49 147.00 10 (D 0,1,4) (S 55,6,11) (S 63,16,17) (S 10,17,17) (S 40,17,11) (S 52,10,5) (S 4,6,6) (S 35,10,16) (S 48,9,4) (D 0,1,4)
0 1 5 49 102.00 8 (D 0,1,5) (S 5,8,8) (S 24,8,9) (S 44,13,12) (S 11,18,18) (S 13,21,21) (S 12,19,19) (D 0,1,5)
0 1 6 50 129.00 8 (D 0,1,6) (S 25,2,8) (S 29,9,13) (S 1,3,3) (S 53,3,2) (S 65,7,6) (S 61,12,18) (D 0,1,6)
0 1 7 44 109.00 7 (D 0,1,7) (S 18,1,7) (S 45,7,8) (S 16,4,13) (S 41,19,18) (S 43,18,19) (D 0,1,7)
0 1 8 43 122.00 6 (D 0,1,8) (S 22,10,11) (S 23,19,21) (S 32,21,22) (S 28,20,22) (D 0,1,8)
0 1 9 38 108.00 5 (D 0,1,9) (S 31,13,19) (S 38,19,20) (S 19,3,4) (D 0,1,9)
