1927.00
10
1
0
0 1 1 75 227.00 29 (D 0,1,1) (S 64,26,30) (S 85,30,26) (S 13,26,26) (S 105,30,34) (S 87,40,47) (S 108,47,40) (S 61,41,48) (S 68,48,41) (S 65,41,49) (S 93,49,41) (S 21,44,44) (S 27,44,49) (S 102,34,30) (S 44,34,40) (S 52,40,41) (S 38,18,19) (S 5,11,11) (S 56,11,12) (S 6,12,12) (S 82,12,13) (S 97,13,12) (S 3,7,7) (S 57,7,13) (S 84,13,7) (S 23,2,7) (S 112,42,44) (S 60,45,43) (D 0,1,1)
0 1 2 75 139.00 14 (D 0,1,2) (S 72,5,11) (S 77,19,26) (S 66,26,18) (S 81,18,26) (S 37,11,19) (S 46,19,20) (S 113,13,6) (S 99,6,12) (S 28,12,20) (S 53,20,21) (S 74,21,22) (S 10,22,22) (D 0,1,2)
0 1 3 74 189.00 12 (D 0,1,3) (S 39,1,5) (S 7,13,13) (S 94,7,6) (S 2,6,6) (S 50,21,27) (S 58,35,34) (S 22,47,47) (S 43,33,34) (S 83,46,47) (S 88,48,49) (D 0,1,3)
0 1 4 74 245.00 12 (D 0,1,4) (S 51,5,6) (S 0,3,3) (S 1,4,4) (S 42,3,4) (S 32,2,3) (S 89,2,1) (S 24,26,34) (S 96,49,48) (S 95,43,45) (S 73,45,50) (D 0,1,4)
0 1 5 75 179.00 13 (D 0,1,5) (S 98,18,29) (S 29,29,33) (S 16,33,33) (S 49,33,46) (S 41,44,50) (S 114,50,45) (S 18,38,38) (S 20,43,43) (S 90,42,36) (S 106,36,42) (S 103,35,41) (D 0,1,5)
0 1 6 75 220.00 12 (D 0,1,6) (S 59,5,18) (S 8,14,14) (S 110,8,7) (S 111,20,30) (S 107,50,43) (S 67,43,42) (S 71,42,41) (S 54,49,50) (S 80,45,38) (S 33,38,43) (D 0,1,6)
0 1 7 75 205.00 14 (D 0,1,7) (S 118,8,9) (S 62,9,8) (S 35,8,14) (S 26,14,22) (S 4,9,9) (S 11,23,23) (S 15,31,31) (S 17,37,37) (S 75,37,36) (S 47,35,36) (S 36,27,35) (S 48,27,36) (D 0,1,7)
0 1 8 74 193.00 13 (D 0,1,8) (S 14,27,27) (S 45,15,23) (S 79,31,32) (S 91,32,31) (S 55,31,23) (S 104,23,31) (S 76,31,37) (S 34,32,37) (S 115,37,38) (S 70,28,32) (S 86,32,38) (D 0,1,8)
0 1 9 73 203.00 13 (D 0,1,9) (S 63,9,16) (S 109,16,24) (S 12,24,24) (S 69,24,32) (S 30,15,16) (S 116,16,9) (S 40,9,15) (S 78,23,24) (S 92,38,28) (S 100,28,38) (S 25,25,28) (D 0,1,9)
0 1 10 27 127.00 6 (D 0,1,10) (S 9,17,17) (S 101,17,10) (S 117,10,17) (S 31,16,17) (D 0,1,10)
