1382.00
8
1
0
0 1 1 64 153.00 20 (D 0,1,1) (S 0,2,2) (S 44,8,7) (S 39,7,8) (S 26,3,9) (S 88,3,2) (S 35,8,9) (S 2,10,10) (S 3,11,11) (S 8,17,17) (S 32,11,17) (S 30,4,5) (S 1,4,4) (S 52,4,10) (S 34,10,11) (S 43,11,5) (S 4,12,12) (S 92,12,11) (S 73,16,15) (D 0,1,1)
0 1 2 74 209.00 13 (D 0,1,2) (S 72,1,2) (S 51,2,8) (S 33,9,10) (S 27,17,18) (S 93,22,28) (S 83,28,22) (S 82,20,17) (S 87,6,12) (S 31,11,16) (S 7,16,16) (S 84,27,21) (D 0,1,2)
0 1 3 74 161.00 13 (D 0,1,3) (S 54,1,7) (S 37,7,1) (S 22,9,14) (S 60,14,24) (S 23,24,25) (S 74,25,26) (S 14,26,26) (S 49,19,20) (S 10,20,20) (S 24,20,21) (S 29,21,22) (D 0,1,3)
0 1 4 74 183.00 9 (D 0,1,4) (S 46,3,4) (S 28,5,6) (S 90,24,14) (S 5,14,14) (S 12,24,24) (S 13,25,25) (S 71,26,32) (D 0,1,4)
0 1 5 75 209.00 9 (D 0,1,5) (S 59,8,2) (S 76,26,19) (S 9,19,19) (S 53,18,22) (S 63,27,20) (S 57,28,27) (S 15,27,27) (D 0,1,5)
0 1 6 24 49.00 3 (D 0,1,6) (S 6,15,15) (D 0,1,6)
0 1 7 71 284.00 16 (D 0,1,7) (S 36,32,26) (S 21,40,40) (S 62,40,41) (S 45,41,40) (S 70,41,37) (S 50,37,33) (S 38,33,27) (S 89,32,36) (S 25,36,40) (S 41,36,35) (S 19,35,35) (S 75,35,36) (S 64,36,37) (S 67,37,41) (D 0,1,7)
0 1 8 13 134.00 4 (D 0,1,8) (S 77,36,32) (S 56,37,36) (D 0,1,8)
