283.00
8
1
0
0 1 1 12 25.00 6 (D 0,1,1) (S 16,1,3) (S 14,3,8) (S 10,5,7) (S 4,7,7) (D 0,1,1)
0 1 2 5 22.00 4 (D 0,1,2) (S 9,1,8) (S 13,1,7) (D 0,1,2)
0 1 3 23 43.00 6 (D 0,1,3) (S 6,1,5) (S 17,5,6) (S 3,6,6) (S 11,6,7) (D 0,1,3)
0 1 4 12 54.00 6 (D 0,1,4) (S 18,2,5) (S 5,5,8) (S 8,2,4) (S 15,4,6) (D 0,1,4)
0 1 5 10 20.00 4 (D 0,1,5) (S 7,1,2) (S 20,2,7) (D 0,1,5)
0 1 6 21 49.00 5 (D 0,1,6) (S 0,2,2) (S 12,2,8) (S 19,1,6) (D 0,1,6)
0 1 7 9 29.00 3 (D 0,1,7) (S 2,4,4) (D 0,1,7)
0 1 8 24 41.00 3 (D 0,1,8) (S 1,3,3) (D 0,1,8)
