1481.00
13
15000000
15000000
0 1 1 48 71.00 15 (D 0,1,1) (S 2,6,6) (S 81,6,1) (S 99,1,6) (S 80,6,13) (S 8,13,13) (S 84,13,6) (S 86,12,11) (S 96,26,30) (S 19,30,30) (S 85,30,26) (S 16,26,26) (S 77,26,29) (S 18,29,29) (D 0,1,1)
0 1 2 73 141.00 20 (D 0,1,2) (S 106,6,12) (S 6,11,11) (S 79,11,12) (S 7,12,12) (S 59,18,19) (S 66,18,26) (S 75,40,47) (S 31,47,47) (S 102,47,40) (S 25,41,41) (S 91,41,48) (S 87,48,41) (S 32,48,48) (S 89,34,30) (S 55,34,40) (S 49,40,41) (S 43,47,48) (S 39,33,40) (D 0,1,2)
0 1 3 62 133.00 14 (D 0,1,3) (S 36,13,14) (S 48,13,21) (S 14,22,22) (S 101,22,21) (S 104,21,22) (S 38,21,27) (S 26,42,42) (S 78,42,36) (S 72,36,42) (S 83,42,41) (S 52,33,34) (S 42,26,34) (D 0,1,3)
0 1 4 24 42.00 4 (D 0,1,4) (S 67,19,26) (S 22,33,33) (D 0,1,4)
0 1 5 46 74.00 7 (D 0,1,5) (S 50,11,19) (S 40,19,20) (S 44,20,21) (S 13,20,20) (S 63,18,29) (D 0,1,5)
0 1 6 40 66.00 6 (D 0,1,6) (S 9,14,14) (S 20,31,31) (S 70,31,32) (S 21,32,32) (D 0,1,6)
0 1 7 42 80.00 10 (D 0,1,7) (S 23,37,37) (S 108,37,43) (S 27,43,43) (S 24,38,38) (S 45,38,43) (S 34,50,50) (S 107,50,45) (S 29,45,45) (D 0,1,7)
0 1 8 54 104.00 11 (D 0,1,8) (S 17,27,27) (S 94,31,23) (S 10,15,15) (S 51,15,23) (S 73,23,31) (S 95,31,37) (S 82,43,50) (S 71,44,42) (S 69,35,34) (D 0,1,8)
0 1 9 4 30.00 3 (D 0,1,9) (S 97,35,41) (D 0,1,9)
0 1 10 74 233.00 15 (D 0,1,10) (S 103,23,22) (S 47,27,31) (S 61,9,8) (S 3,7,7) (S 110,7,8) (S 109,8,7) (S 74,7,6) (S 37,35,36) (S 41,27,36) (S 76,23,24) (S 65,24,23) (S 46,9,15) (S 53,3,9) (D 0,1,10)
0 1 11 27 118.00 6 (D 0,1,11) (S 105,43,42) (S 4,8,8) (S 62,38,28) (S 111,28,32) (D 0,1,11)
0 1 12 71 190.00 12 (D 0,1,12) (S 98,37,38) (S 90,28,38) (S 58,25,28) (S 12,17,17) (S 11,16,16) (S 92,16,9) (S 5,9,9) (S 35,3,4) (S 93,4,10) (S 88,10,17) (D 0,1,12)
0 1 13 46 199.00 7 (D 0,1,13) (S 28,44,44) (S 54,44,50) (S 15,24,24) (S 57,17,25) (S 56,16,17) (D 0,1,13)
