528.00
8
1
0
0 1 1 29 52.00 9 (D 0,1,1) (S 20,35,35) (S 0,2,2) (S 54,2,6) (S 3,6,6) (S 4,7,7) (S 58,3,4) (S 1,4,4) (D 0,1,1)
0 1 2 5 9.00 3 (D 0,1,2) (S 23,40,40) (D 0,1,2)
0 1 3 33 43.00 6 (D 0,1,3) (S 59,1,11) (S 10,16,16) (S 64,16,10) (S 6,10,10) (D 0,1,3)
0 1 4 5 9.00 3 (D 0,1,4) (S 77,1,40) (D 0,1,4)
0 1 5 62 128.00 16 (D 0,1,5) (S 50,6,7) (S 41,3,7) (S 53,7,6) (S 76,3,37) (S 78,37,38) (S 21,38,38) (S 57,38,37) (S 55,37,3) (S 46,37,30) (S 44,30,31) (S 70,31,30) (S 17,31,31) (S 52,31,37) (S 72,37,36) (D 0,1,5)
0 1 6 28 40.00 5 (D 0,1,6) (S 38,1,6) (S 7,11,11) (S 34,11,16) (D 0,1,6)
0 1 7 65 159.00 9 (D 0,1,7) (S 35,1,35) (S 60,36,37) (S 36,29,36) (S 65,2,3) (S 33,29,30) (S 30,2,36) (S 47,27,28) (D 0,1,7)
0 1 8 44 88.00 7 (D 0,1,8) (S 56,35,28) (S 68,28,27) (S 16,27,27) (S 48,28,35) (S 40,35,36) (D 0,1,8)
