424.00
7
16000000
16000000
0 1 1 27 66.00 8 (D 0,1,1) (S 6,1,10) (S 20,1,2) (S 17,2,9) (S 5,9,9) (S 13,9,10) (S 14,6,11) (D 0,1,1)
0 1 2 27 86.00 10 (D 0,1,2) (S 22,2,6) (S 2,6,6) (S 11,6,9) (S 18,4,7) (S 12,8,10) (S 26,1,11) (S 15,3,10) (S 8,1,5) (D 0,1,2)
0 1 3 26 79.00 7 (D 0,1,3) (S 23,1,6) (S 16,6,10) (S 24,1,3) (S 1,3,3) (S 27,7,9) (D 0,1,3)
0 1 4 22 55.00 6 (D 0,1,4) (S 21,2,4) (S 4,8,8) (S 7,5,7) (S 19,7,8) (D 0,1,4)
0 1 5 22 77.00 5 (D 0,1,5) (S 10,4,9) (S 25,4,8) (S 9,3,11) (D 0,1,5)
0 1 6 19 33.00 3 (D 0,1,6) (S 0,2,2) (D 0,1,6)
0 1 7 11 28.00 3 (D 0,1,7) (S 3,7,7) (D 0,1,7)
