1343.00
7
1
0
0 1 1 59 127.00 11 (D 0,1,1) (S 72,1,6) (S 2,6,6) (S 51,7,13) (S 77,13,7) (S 3,7,7) (S 8,13,13) (S 52,18,12) (S 48,12,18) (S 20,29,29) (D 0,1,1)
0 1 2 103 176.00 21 (D 0,1,2) (S 67,1,2) (S 25,2,3) (S 0,3,3) (S 38,14,15) (S 10,15,15) (S 56,15,14) (S 9,14,14) (S 4,8,8) (S 29,8,14) (S 49,15,21) (S 55,22,23) (S 59,23,22) (S 71,23,28) (S 66,33,34) (S 19,28,28) (S 23,33,33) (S 24,34,34) (S 28,28,34) (S 32,28,33) (D 0,1,2)
0 1 3 45 103.00 9 (D 0,1,3) (S 26,6,7) (S 74,18,19) (S 16,25,25) (S 47,25,30) (S 21,30,30) (S 62,30,25) (S 70,25,29) (D 0,1,3)
0 1 4 80 224.00 18 (D 0,1,4) (S 76,2,8) (S 5,9,9) (S 68,9,15) (S 39,21,15) (S 36,21,22) (S 73,23,24) (S 15,24,24) (S 40,11,5) (S 64,5,11) (S 57,11,17) (S 69,16,10) (S 80,10,4) (S 61,4,3) (S 58,2,1) (S 63,19,25) (S 78,30,29) (D 0,1,4)
0 1 5 217 495.00 23 (D 0,1,5) (S 7,12,12) (S 13,20,20) (S 53,20,14) (S 37,8,9) (S 34,9,10) (S 65,4,10) (S 6,10,10) (S 1,4,4) (S 35,4,5) (S 79,17,11) (S 12,17,17) (S 33,16,17) (S 46,16,15) (S 14,22,22) (S 11,16,16) (S 60,2,13) (S 31,6,18) (S 50,19,12) (S 41,19,18) (S 44,19,13) (S 43,18,29) (D 0,1,5)
0 1 6 40 93.00 6 (D 0,1,6) (S 30,19,20) (S 45,25,26) (S 17,26,26) (S 42,26,25) (D 0,1,6)
0 1 7 19 125.00 3 (D 0,1,7) (S 27,11,24) (D 0,1,7)
