255.00
8
1
0
0 1 1 3 9.00 4 (D 0,1,1) (S 3,7,7) (S 4,8,8) (D 0,1,1)
0 1 2 22 53.00 9 (D 0,1,2) (S 14,1,7) (S 10,7,9) (S 5,9,9) (S 15,1,10) (S 1,3,3) (S 7,3,10) (S 21,6,11) (D 0,1,2)
0 1 3 5 7.00 3 (D 0,1,3) (S 22,1,8) (D 0,1,3)
0 1 4 11 24.00 4 (D 0,1,4) (S 11,1,9) (S 19,7,8) (D 0,1,4)
0 1 5 22 31.00 5 (D 0,1,5) (S 20,1,6) (S 2,6,6) (S 6,11,11) (D 0,1,5)
0 1 6 22 79.00 7 (D 0,1,6) (S 30,1,5) (S 17,5,7) (S 25,7,10) (S 8,3,6) (S 9,6,10) (D 0,1,6)
0 1 7 7 18.00 3 (D 0,1,7) (S 18,3,11) (D 0,1,7)
0 1 8 9 34.00 3 (D 0,1,8) (S 28,3,5) (D 0,1,8)
