1075.00
8
1
0
0 1 1 31 42.00 9 (D 0,1,1) (S 53,1,2) (S 0,3,3) (S 32,3,9) (S 57,9,8) (S 82,8,9) (S 71,8,7) (S 3,7,7) (D 0,1,1)
0 1 2 82 170.00 23 (D 0,1,2) (S 37,2,3) (S 1,4,4) (S 40,4,10) (S 4,10,10) (S 61,10,11) (S 48,11,17) (S 51,17,11) (S 59,17,20) (S 87,20,17) (S 58,17,18) (S 9,18,18) (S 11,21,21) (S 43,21,27) (S 18,33,33) (S 38,33,27) (S 45,27,33) (S 15,27,27) (S 14,26,26) (S 41,26,25) (S 68,25,26) (S 10,19,19) (D 0,1,2)
0 1 3 8 15.00 4 (D 0,1,3) (S 49,2,1) (S 64,1,7) (D 0,1,3)
0 1 4 53 165.00 12 (D 0,1,4) (S 70,10,4) (S 76,11,10) (S 80,11,5) (S 81,5,11) (S 66,11,12) (S 2,6,6) (S 50,12,6) (S 65,20,27) (S 28,26,27) (S 62,26,19) (D 0,1,4)
0 1 5 20 48.00 5 (D 0,1,5) (S 34,3,4) (S 8,16,16) (S 56,16,19) (D 0,1,5)
0 1 6 108 243.00 14 (D 0,1,6) (S 31,2,8) (S 85,12,11) (S 39,22,21) (S 46,21,20) (S 69,22,28) (S 73,28,22) (S 67,28,27) (S 29,23,24) (S 36,24,25) (S 12,23,23) (S 30,29,30) (S 16,30,30) (D 0,1,6)
0 1 7 33 111.00 5 (D 0,1,7) (S 26,5,6) (S 35,18,22) (S 77,24,30) (D 0,1,7)
0 1 8 96 281.00 9 (D 0,1,8) (S 74,16,11) (S 33,16,17) (S 6,14,14) (S 54,14,9) (S 13,25,25) (S 44,24,14) (S 89,23,29) (D 0,1,8)
