643.00
7
1
0
0 1 1 166 284.00 23 (D 0,1,1) (S 44,1,2) (S 1,3,3) (S 2,4,4) (S 56,4,9) (S 7,9,9) (S 38,9,4) (S 57,4,13) (S 45,13,12) (S 10,12,12) (S 6,8,8) (S 59,8,2) (S 0,2,2) (S 36,3,4) (S 17,22,22) (S 14,18,18) (S 30,18,21) (S 26,19,22) (S 41,18,19) (S 15,19,19) (S 34,21,22) (S 27,13,19) (D 0,1,1)
0 1 2 30 47.00 9 (D 0,1,2) (S 22,31,31) (S 24,5,31) (S 53,31,28) (S 48,28,29) (S 47,29,27) (S 20,27,27) (S 25,24,27) (D 0,1,2)
0 1 3 74 118.00 12 (D 0,1,3) (S 49,1,31) (S 3,5,5) (S 35,29,28) (S 58,28,26) (S 23,23,26) (S 37,26,28) (S 21,29,29) (S 18,23,23) (S 32,23,25) (S 19,25,25) (D 0,1,3)
0 1 4 17 28.00 4 (D 0,1,4) (S 31,1,30) (S 42,30,29) (D 0,1,4)
0 1 5 11 27.00 4 (D 0,1,5) (S 5,7,7) (S 55,6,5) (D 0,1,5)
0 1 6 40 70.00 5 (D 0,1,6) (S 50,2,3) (S 39,12,8) (S 28,8,9) (D 0,1,6)
0 1 7 37 69.00 5 (D 0,1,7) (S 29,1,7) (S 33,6,7) (S 4,6,6) (D 0,1,7)
