33812.00
26
1
0
0 1 1 190 1042.00 17 (D 0,1,1) (S 15,2,2) (S 21,2,3) (S 9,3,3) (S 108,3,2) (S 22,2,4) (S 109,4,2) (S 25,5,7) (S 112,7,5) (S 24,5,6) (S 111,6,5) (S 26,7,8) (S 113,8,7) (S 73,50,52) (S 160,52,50) (S 75,52,53) (D 0,1,1)
0 1 2 189 929.00 12 (D 0,1,2) (S 20,1,2) (S 107,2,1) (S 19,69,69) (S 180,69,59) (S 93,59,69) (S 7,58,58) (S 82,58,59) (S 65,44,45) (S 66,45,46) (S 192,51,21) (D 0,1,2)
0 1 3 189 1193.00 24 (D 0,1,3) (S 8,45,45) (S 152,45,44) (S 67,44,46) (S 153,46,45) (S 154,46,44) (S 70,47,49) (S 105,21,51) (S 74,51,53) (S 161,53,51) (S 162,53,52) (S 76,52,54) (S 163,54,52) (S 158,50,49) (S 71,49,50) (S 157,49,47) (S 69,47,48) (S 156,48,47) (S 72,49,51) (S 159,51,49) (S 42,22,24) (S 129,24,22) (S 102,20,76) (D 0,1,3)
0 1 4 190 1225.00 9 (D 0,1,4) (S 27,8,9) (S 12,10,10) (S 115,10,9) (S 28,9,10) (S 114,9,8) (S 110,5,4) (S 32,13,14) (D 0,1,4)
0 1 5 187 1022.00 9 (D 0,1,5) (S 169,59,58) (S 92,58,69) (S 193,59,44) (S 106,44,59) (S 179,69,58) (S 84,58,60) (S 88,63,64) (D 0,1,5)
0 1 6 186 1148.00 10 (D 0,1,6) (S 23,4,5) (S 10,57,57) (S 167,57,42) (S 17,42,42) (S 80,42,57) (S 86,60,62) (S 90,62,66) (S 175,64,63) (D 0,1,6)
0 1 7 190 1074.00 9 (D 0,1,7) (S 94,4,69) (S 68,46,47) (S 40,21,22) (S 18,75,75) (S 14,23,23) (S 46,23,26) (S 189,76,20) (D 0,1,7)
0 1 8 190 1122.00 10 (D 0,1,8) (S 177,66,62) (S 0,63,63) (S 1,64,64) (S 89,63,65) (S 176,65,63) (S 174,63,62) (S 173,62,60) (S 127,22,21) (D 0,1,8)
0 1 9 190 1632.00 8 (D 0,1,9) (S 171,60,58) (S 87,62,63) (S 5,68,68) (S 178,68,66) (S 91,66,68) (S 98,72,73) (D 0,1,9)
0 1 10 189 1247.00 13 (D 0,1,10) (S 164,53,24) (S 16,25,25) (S 44,25,75) (S 131,75,25) (S 45,25,26) (S 133,26,23) (S 101,23,75) (S 188,75,23) (S 47,26,27) (S 134,27,26) (S 120,77,13) (D 0,1,10)
0 1 11 187 1319.00 10 (D 0,1,11) (S 85,60,61) (S 172,61,60) (S 155,47,46) (S 2,18,18) (S 38,18,20) (S 125,20,18) (S 103,15,77) (S 119,14,13) (D 0,1,11)
0 1 12 188 1089.00 11 (D 0,1,12) (S 29,11,12) (S 118,16,13) (S 33,13,77) (S 190,77,15) (S 13,17,17) (S 121,17,15) (S 31,13,16) (S 117,16,12) (S 30,12,16) (D 0,1,12)
0 1 13 190 1281.00 10 (D 0,1,13) (S 165,50,19) (S 78,19,50) (S 41,22,75) (S 128,75,22) (S 77,24,53) (S 43,24,25) (S 132,26,25) (S 138,31,30) (D 0,1,13)
0 1 14 189 1603.00 13 (D 0,1,14) (S 116,12,11) (S 34,15,17) (S 35,15,18) (S 183,72,71) (S 97,71,73) (S 184,73,71) (S 96,71,72) (S 185,73,72) (S 99,73,74) (S 186,74,73) (S 136,29,28) (D 0,1,14)
0 1 15 188 1287.00 9 (D 0,1,15) (S 126,21,19) (S 37,19,20) (S 124,20,19) (S 39,19,21) (S 48,26,28) (S 49,28,29) (S 51,30,31) (D 0,1,15)
0 1 16 188 1603.00 8 (D 0,1,16) (S 181,69,4) (S 50,25,29) (S 135,28,26) (S 130,25,24) (S 137,29,25) (S 4,36,36) (D 0,1,16)
0 1 17 186 1142.00 6 (D 0,1,17) (S 170,59,11) (S 191,77,76) (S 104,76,77) (S 122,18,15) (D 0,1,17)
0 1 18 186 1566.00 10 (D 0,1,18) (S 123,19,18) (S 36,18,19) (S 52,23,31) (S 139,31,23) (S 62,35,39) (S 61,39,40) (S 148,40,39) (S 149,39,35) (D 0,1,18)
0 1 19 186 1406.00 5 (D 0,1,19) (S 168,58,57) (S 81,57,58) (S 54,32,33) (D 0,1,19)
0 1 20 183 1408.00 5 (D 0,1,20) (S 151,44,43) (S 64,43,44) (S 57,33,36) (D 0,1,20)
0 1 21 170 1524.00 10 (D 0,1,21) (S 83,11,59) (S 3,37,37) (S 6,38,38) (S 146,38,37) (S 59,37,38) (S 60,37,39) (S 63,35,41) (S 150,41,35) (D 0,1,21)
0 1 22 174 1266.00 6 (D 0,1,22) (S 53,31,32) (S 141,33,32) (S 55,32,34) (S 142,34,32) (D 0,1,22)
0 1 23 181 1440.00 6 (D 0,1,23) (S 144,36,33) (S 147,39,37) (S 145,37,33) (S 140,32,31) (D 0,1,23)
0 1 24 187 1810.00 5 (D 0,1,24) (S 182,71,70) (S 95,70,71) (S 58,33,37) (D 0,1,24)
0 1 25 184 1146.00 4 (D 0,1,25) (S 100,18,72) (S 187,72,18) (D 0,1,25)
0 1 26 172 1288.00 4 (D 0,1,26) (S 56,32,35) (S 143,35,32) (D 0,1,26)
