668.00
11
1
0
0 1 1 16 20.00 4 (D 0,1,1) (S 33,1,9) (S 3,9,9) (D 0,1,1)
0 1 2 12 35.00 5 (D 0,1,2) (S 2,8,8) (S 7,20,20) (S 10,19,20) (D 0,1,2)
0 1 3 12 23.00 4 (D 0,1,3) (S 15,1,8) (S 24,8,20) (D 0,1,3)
0 1 4 6 32.00 4 (D 0,1,4) (S 14,5,14) (S 6,15,15) (D 0,1,4)
0 1 5 28 66.00 7 (D 0,1,5) (S 39,1,10) (S 35,10,12) (S 25,12,17) (S 27,17,18) (S 18,18,19) (D 0,1,5)
0 1 6 8 23.00 3 (D 0,1,6) (S 17,10,18) (D 0,1,6)
0 1 7 11 55.00 4 (D 0,1,7) (S 11,5,1) (S 20,6,15) (D 0,1,7)
0 1 8 21 61.00 6 (D 0,1,8) (S 32,5,6) (S 8,11,16) (S 4,11,11) (S 26,16,17) (D 0,1,8)
0 1 9 24 101.00 7 (D 0,1,9) (S 23,6,11) (S 34,7,13) (S 5,13,13) (S 28,13,14) (S 21,14,15) (D 0,1,9)
0 1 10 9 32.00 3 (D 0,1,10) (S 36,8,9) (D 0,1,10)
0 1 11 32 220.00 7 (D 0,1,11) (S 38,4,1) (S 37,4,6) (S 9,4,11) (S 1,7,7) (S 12,7,4) (D 0,1,11)
