1493.00
8
1
0
0 1 1 73 119.00 17 (D 0,1,1) (S 39,1,6) (S 2,5,5) (S 60,5,11) (S 76,19,18) (S 58,18,19) (S 14,19,19) (S 80,18,26) (S 69,26,19) (S 19,26,26) (S 106,26,34) (S 45,34,35) (S 25,35,35) (S 35,35,41) (S 56,35,27) (S 21,30,30) (D 0,1,1)
0 1 2 42 72.00 7 (D 0,1,2) (S 97,1,5) (S 7,11,11) (S 73,11,19) (S 13,18,18) (S 62,27,30) (D 0,1,2)
0 1 3 96 211.00 14 (D 0,1,3) (S 0,2,2) (S 36,1,2) (S 3,6,6) (S 24,34,34) (S 95,27,35) (S 26,36,36) (S 88,36,37) (S 93,37,43) (S 79,42,44) (S 32,44,44) (S 34,50,50) (S 52,44,50) (D 0,1,3)
0 1 4 18 49.00 4 (D 0,1,4) (S 55,27,21) (S 16,21,21) (D 0,1,4)
0 1 5 103 203.00 20 (D 0,1,5) (S 30,41,41) (S 107,27,31) (S 77,31,22) (S 10,14,14) (S 81,14,15) (S 68,15,14) (S 74,15,16) (S 99,16,15) (S 11,15,15) (S 12,16,16) (S 42,16,24) (S 87,32,28) (S 96,28,32) (S 54,32,31) (S 83,31,27) (S 90,37,31) (S 59,22,23) (S 18,23,23) (D 0,1,5)
0 1 6 127 329.00 22 (D 0,1,6) (S 47,27,36) (S 70,43,42) (S 104,42,36) (S 66,42,43) (S 31,43,43) (S 17,22,22) (S 64,22,14) (S 86,14,22) (S 98,7,2) (S 4,7,7) (S 38,7,8) (S 46,8,9) (S 53,9,3) (S 82,3,9) (S 51,8,14) (S 92,24,25) (S 41,25,28) (S 22,32,32) (S 27,38,38) (S 105,45,50) (D 0,1,6)
0 1 7 40 147.00 7 (D 0,1,7) (S 65,24,32) (S 37,32,38) (S 40,38,45) (S 91,38,37) (S 67,24,23) (D 0,1,7)
0 1 8 71 363.00 11 (D 0,1,8) (S 100,3,2) (S 5,9,9) (S 6,10,10) (S 1,4,4) (S 102,4,3) (S 63,28,38) (S 57,10,4) (S 43,17,25) (S 103,17,10) (D 0,1,8)
