55633.00
28
1
0
21 1 1 1565 3068.00 12 (D 21,1,1) (S 19,10,16) (S 4,3,4) (S 16,9,19) (S 47,25,33) (S 67,35,36) (S 70,37,38) (S 55,29,37) (S 56,29,38) (S 57,30,31) (S 17,10,11) (D 21,1,1)
21 1 2 1490 2432.00 8 (D 21,1,2) (S 30,16,21) (S 28,15,20) (S 83,44,47) (S 87,48,49) (S 90,51,52) (S 59,31,32) (D 21,1,2)
21 1 3 1563 2364.00 7 (D 21,1,3) (S 75,39,50) (S 76,40,41) (S 26,14,24) (S 45,24,32) (S 54,29,30) (D 21,1,3)
21 1 4 1489 2195.00 7 (D 21,1,4) (S 40,21,29) (S 50,27,28) (S 52,28,29) (S 13,8,9) (S 15,9,10) (D 21,1,4)
21 1 5 1483 2304.00 6 (D 21,1,5) (S 42,22,30) (S 43,23,24) (S 62,32,41) (S 82,43,46) (D 21,1,5)
21 1 6 1319 2073.00 6 (D 21,1,6) (S 9,5,12) (S 2,2,3) (S 6,4,5) (S 10,6,7) (D 21,1,6)
21 1 7 1529 2205.00 6 (D 21,1,7) (S 29,16,17) (S 31,17,21) (S 38,20,29) (S 79,42,43) (D 21,1,7)
21 1 8 1291 1707.00 5 (D 21,1,8) (S 22,12,13) (S 11,6,13) (S 44,23,31) (D 21,1,8)
21 1 9 1467 2169.00 6 (D 21,1,9) (S 46,25,26) (S 85,46,47) (S 86,47,48) (S 88,49,50) (D 21,1,9)
21 1 10 1384 1800.00 5 (D 21,1,10) (S 23,12,22) (S 27,15,16) (S 18,10,15) (D 21,1,10)
21 1 11 1384 1856.00 5 (D 21,1,11) (S 20,11,12) (S 21,11,17) (S 5,3,10) (D 21,1,11)
21 1 12 1315 1926.00 5 (D 21,1,12) (S 89,50,51) (S 77,40,51) (S 69,36,37) (D 21,1,12)
21 1 13 1364 1998.00 5 (D 21,1,13) (S 71,37,48) (S 65,34,35) (S 64,33,42) (D 21,1,13)
21 1 14 1356 1919.00 5 (D 21,1,14) (S 35,19,26) (S 32,18,19) (S 37,20,28) (D 21,1,14)
21 1 15 1393 2030.00 5 (D 21,1,15) (S 12,7,14) (S 61,32,40) (S 60,31,40) (D 21,1,15)
21 1 16 1414 2069.00 5 (D 21,1,16) (S 7,4,11) (S 3,2,9) (S 14,8,18) (D 21,1,16)
21 1 17 1557 2300.00 5 (D 21,1,17) (S 74,39,40) (S 78,41,52) (S 51,27,36) (D 21,1,17)
21 1 18 1210 1441.00 4 (D 21,1,18) (S 39,21,22) (S 41,22,23) (D 21,1,18)
21 1 19 1164 1612.00 4 (D 21,1,19) (S 58,30,39) (S 68,35,44) (D 21,1,19)
21 1 20 1559 2323.00 5 (D 21,1,20) (S 81,43,44) (S 63,33,34) (S 1,1,8) (D 21,1,20)
21 1 21 1244 1623.00 4 (D 21,1,21) (S 8,5,6) (S 24,13,14) (D 21,1,21)
21 1 22 1245 1675.00 4 (D 21,1,22) (S 36,20,21) (S 48,26,27) (D 21,1,22)
21 1 23 1287 1822.00 4 (D 21,1,23) (S 25,13,23) (S 73,38,49) (D 21,1,23)
21 1 24 1215 1741.00 4 (D 21,1,24) (S 33,18,25) (S 66,34,43) (D 21,1,24)
21 1 25 1298 1939.00 4 (D 21,1,25) (S 72,38,39) (S 80,42,45) (D 21,1,25)
21 1 26 1390 1902.00 4 (D 21,1,26) (S 53,28,37) (S 49,26,35) (D 21,1,26)
21 1 27 1405 1928.00 4 (D 21,1,27) (S 0,1,2) (S 34,19,20) (D 21,1,27)
21 1 28 708 1212.00 3 (D 21,1,28) (S 84,45,46) (D 21,1,28)
