1375.00
8
1
0
0 1 1 150 244.00 30 (D 0,1,1) (S 2,6,6) (S 60,6,7) (S 70,7,2) (S 73,2,7) (S 3,7,7) (S 0,2,2) (S 95,2,1) (S 45,1,6) (S 1,5,5) (S 80,5,1) (S 71,1,5) (S 13,19,19) (S 7,11,11) (S 8,12,12) (S 99,12,13) (S 9,13,13) (S 81,14,15) (S 11,15,15) (S 43,15,23) (S 76,9,8) (S 4,8,8) (S 79,14,13) (S 109,13,14) (S 10,14,14) (S 97,15,9) (S 5,9,9) (S 77,8,14) (S 56,23,24) (D 0,1,1)
0 1 2 42 82.00 6 (D 0,1,2) (S 64,1,2) (S 107,18,19) (S 92,19,20) (S 14,20,20) (D 0,1,2)
0 1 3 149 321.00 34 (D 0,1,3) (S 12,18,18) (S 63,26,19) (S 53,11,12) (S 49,11,19) (S 66,13,6) (S 105,5,18) (S 20,26,26) (S 25,34,34) (S 106,34,40) (S 96,40,34) (S 30,40,40) (S 42,40,41) (S 93,42,44) (S 33,44,44) (S 84,44,42) (S 90,42,41) (S 31,41,41) (S 75,41,42) (S 26,35,35) (S 40,35,36) (S 27,36,36) (S 52,34,35) (S 59,34,33) (S 78,33,40) (S 108,33,34) (S 22,29,29) (S 38,29,39) (S 44,29,33) (S 100,36,27) (S 68,31,37) (S 28,37,37) (S 69,37,31) (D 0,1,3)
0 1 4 132 253.00 15 (D 0,1,4) (S 91,18,29) (S 24,33,33) (S 37,26,34) (S 17,23,23) (S 18,24,24) (S 39,28,32) (S 47,32,37) (S 72,28,38) (S 98,38,32) (S 23,31,31) (S 21,27,27) (S 54,27,31) (S 55,24,32) (D 0,1,4)
0 1 5 72 171.00 10 (D 0,1,5) (S 104,5,6) (S 86,18,26) (S 46,3,9) (S 6,10,10) (S 48,10,17) (S 19,25,25) (S 67,25,24) (S 29,38,38) (D 0,1,5)
0 1 6 19 109.00 6 (D 0,1,6) (S 85,4,10) (S 94,16,15) (S 82,3,4) (S 102,16,24) (D 0,1,6)
0 1 7 8 63.00 3 (D 0,1,7) (S 62,17,25) (D 0,1,7)
0 1 8 13 132.00 4 (D 0,1,8) (S 110,16,9) (S 50,16,17) (D 0,1,8)
