29925.00
13
1
0
0 1 1 1695 3754.00 23 (D 0,1,1) (S 27,2,8) (S 36,8,7) (S 65,21,20) (S 64,20,15) (S 38,9,3) (S 25,2,1) (S 26,2,3) (S 52,15,14) (S 72,27,23) (S 20,18,24) (S 1,10,10) (S 44,11,10) (S 62,19,18) (S 60,18,19) (S 47,12,19) (S 2,12,12) (S 46,12,13) (S 45,12,11) (S 42,10,17) (S 73,27,29) (S 76,30,31) (D 0,1,1)
0 1 2 1650 2561.00 10 (D 0,1,2) (S 33,7,14) (S 56,16,15) (S 4,16,16) (S 28,3,8) (S 34,8,2) (S 32,7,1) (S 24,1,2) (S 14,30,30) (D 0,1,2)
0 1 3 1638 2580.00 9 (D 0,1,3) (S 37,8,9) (S 39,9,16) (S 50,14,15) (S 53,15,16) (S 10,23,23) (S 59,18,10) (S 77,31,25) (D 0,1,3)
0 1 4 1692 2427.00 9 (D 0,1,4) (S 19,16,23) (S 69,25,19) (S 63,19,25) (S 70,25,24) (S 43,11,5) (S 31,6,5) (S 0,6,6) (D 0,1,4)
0 1 5 1650 2270.00 7 (D 0,1,5) (S 66,22,21) (S 54,15,20) (S 3,14,14) (S 51,14,21) (S 71,26,27) (D 0,1,5)
0 1 6 1691 2572.00 8 (D 0,1,6) (S 17,11,18) (S 41,10,11) (S 40,10,3) (S 55,16,9) (S 67,23,24) (S 61,19,12) (D 0,1,6)
0 1 7 1458 2065.00 6 (D 0,1,7) (S 35,8,3) (S 49,14,8) (S 68,24,25) (S 11,25,25) (D 0,1,7)
0 1 8 1428 2079.00 6 (D 0,1,8) (S 22,21,26) (S 13,29,29) (S 23,29,30) (S 78,31,30) (D 0,1,8)
0 1 9 1685 2351.00 6 (D 0,1,9) (S 21,20,22) (S 9,22,22) (S 8,21,21) (S 75,29,28) (D 0,1,9)
0 1 10 968 1425.00 5 (D 0,1,10) (S 48,13,12) (S 29,4,5) (S 30,5,6) (D 0,1,10)
0 1 11 1401 1863.00 6 (D 0,1,11) (S 5,17,17) (S 58,17,18) (S 6,18,18) (S 57,17,10) (D 0,1,11)
0 1 12 1634 2240.00 6 (D 0,1,12) (S 12,28,28) (S 74,28,29) (S 15,31,31) (S 7,19,19) (D 0,1,12)
0 1 13 1175 1738.00 4 (D 0,1,13) (S 16,4,10) (S 18,13,19) (D 0,1,13)
