339.00
11
1
0
0 1 1 4 9.00 4 (D 0,1,1) (S 16,1,6) (S 6,8,8) (D 0,1,1)
0 1 2 14 26.00 7 (D 0,1,2) (S 18,1,2) (S 3,5,5) (S 9,5,7) (S 26,7,9) (S 7,9,9) (D 0,1,2)
0 1 3 10 21.00 5 (D 0,1,3) (S 21,1,7) (S 5,7,7) (S 25,6,8) (D 0,1,3)
0 1 4 29 66.00 9 (D 0,1,4) (S 14,1,4) (S 2,4,4) (S 23,4,7) (S 4,6,6) (S 8,6,7) (S 10,2,5) (S 17,2,8) (D 0,1,4)
0 1 5 9 31.00 5 (D 0,1,5) (S 20,1,5) (S 11,2,3) (S 24,3,8) (D 0,1,5)
0 1 6 5 10.00 3 (D 0,1,6) (S 19,1,8) (D 0,1,6)
0 1 7 27 70.00 6 (D 0,1,7) (S 27,4,6) (S 29,2,7) (S 0,2,2) (S 22,5,8) (D 0,1,7)
0 1 8 10 29.00 4 (D 0,1,8) (S 28,4,5) (S 15,5,9) (D 0,1,8)
0 1 9 7 14.00 3 (D 0,1,9) (S 13,4,8) (D 0,1,9)
0 1 10 6 22.00 3 (D 0,1,10) (S 12,3,5) (D 0,1,10)
0 1 11 32 41.00 3 (D 0,1,11) (S 1,3,3) (D 0,1,11)
