25474.00
13
1
0
0 1 1 1432 2705.00 13 (D 0,1,1) (S 1,11,11) (S 5,24,24) (S 49,26,25) (S 39,23,24) (S 18,8,9) (S 2,14,14) (S 4,22,22) (S 21,10,15) (S 24,12,16) (S 34,19,24) (S 46,11,12) (D 0,1,1)
0 1 2 1542 2409.00 9 (D 0,1,2) (S 10,3,4) (S 14,5,10) (S 20,9,14) (S 47,12,7) (S 45,8,13) (S 25,13,14) (S 11,3,8) (D 0,1,2)
0 1 3 1344 2253.00 7 (D 0,1,3) (S 15,6,7) (S 17,7,8) (S 23,12,13) (S 48,21,17) (S 37,21,28) (D 0,1,3)
0 1 4 1352 1987.00 6 (D 0,1,4) (S 9,2,7) (S 22,11,18) (S 36,20,27) (S 42,26,27) (D 0,1,4)
0 1 5 1477 2227.00 6 (D 0,1,5) (S 16,6,11) (S 30,16,19) (S 44,28,29) (S 28,15,22) (D 0,1,5)
0 1 6 1325 1720.00 5 (D 0,1,6) (S 0,3,3) (S 12,4,5) (S 3,15,15) (D 0,1,6)
0 1 7 1301 1801.00 5 (D 0,1,7) (S 8,2,3) (S 19,9,10) (S 27,14,15) (D 0,1,7)
0 1 8 1423 2040.00 5 (D 0,1,8) (S 7,1,6) (S 26,13,17) (S 43,27,28) (D 0,1,8)
0 1 9 1495 2005.00 5 (D 0,1,9) (S 40,23,25) (S 31,18,19) (S 33,19,20) (D 0,1,9)
0 1 10 1006 1522.00 4 (D 0,1,10) (S 29,16,17) (S 41,24,26) (D 0,1,10)
0 1 11 1303 1701.00 4 (D 0,1,11) (S 6,1,2) (S 32,18,23) (D 0,1,11)
0 1 12 1404 2009.00 4 (D 0,1,12) (S 13,4,9) (S 38,22,29) (D 0,1,12)
0 1 13 689 1095.00 3 (D 0,1,13) (S 35,20,21) (D 0,1,13)
