10506.00
8
1
0
0 1 1 1475 1867.00 10 (D 0,1,1) (S 62,1,2) (S 55,11,12) (S 73,11,10) (S 85,19,20) (S 86,20,19) (S 7,10,10) (S 72,10,19) (S 84,19,10) (D 0,1,1)
0 1 2 505 856.00 7 (D 0,1,2) (S 10,15,15) (S 70,7,16) (S 9,13,13) (S 75,13,12) (S 74,11,20) (D 0,1,2)
0 1 3 385 579.00 5 (D 0,1,3) (S 65,4,5) (S 6,8,8) (S 71,8,9) (D 0,1,3)
0 1 4 1685 1994.00 8 (D 0,1,4) (S 2,4,4) (S 67,6,7) (S 5,7,7) (S 77,14,13) (S 76,13,14) (S 8,12,12) (D 0,1,4)
0 1 5 493 625.00 4 (D 0,1,5) (S 54,3,4) (S 64,3,12) (D 0,1,5)
0 1 6 927 1106.00 5 (D 0,1,6) (S 63,2,3) (S 1,3,3) (S 79,15,14) (D 0,1,6)
0 1 7 1332 1605.00 6 (D 0,1,7) (S 0,2,2) (S 78,15,6) (S 68,6,15) (S 69,7,8) (D 0,1,7)
0 1 8 1661 1874.00 6 (D 0,1,8) (S 3,5,5) (S 66,5,6) (S 80,16,15) (S 4,6,6) (D 0,1,8)
