1545.00
8
1
0
0 1 1 64 177.00 13 (D 0,1,1) (S 0,3,3) (S 6,10,10) (S 36,18,19) (S 40,15,9) (S 66,9,15) (S 68,9,10) (S 28,10,19) (S 60,18,15) (S 51,9,2) (S 71,2,3) (S 53,2,9) (D 0,1,1)
0 1 2 65 146.00 10 (D 0,1,2) (S 39,1,5) (S 1,5,5) (S 35,1,2) (S 5,9,9) (S 4,8,8) (S 9,13,13) (S 55,13,8) (S 58,25,30) (D 0,1,2)
0 1 3 65 206.00 14 (D 0,1,3) (S 25,3,10) (S 70,14,17) (S 15,22,22) (S 64,30,25) (S 16,25,25) (S 43,22,29) (S 44,29,22) (S 23,22,25) (S 24,26,30) (S 21,30,30) (S 22,17,22) (S 7,11,11) (D 0,1,3)
0 1 4 65 171.00 10 (D 0,1,4) (S 67,8,13) (S 8,12,12) (S 34,12,13) (S 45,8,14) (S 47,14,8) (S 61,14,13) (S 12,17,17) (S 41,17,13) (D 0,1,4)
0 1 5 65 184.00 8 (D 0,1,5) (S 10,15,15) (S 32,14,15) (S 20,29,29) (S 54,29,21) (S 14,21,21) (S 69,20,21) (D 0,1,5)
0 1 6 62 209.00 9 (D 0,1,6) (S 29,8,9) (S 17,26,26) (S 57,23,18) (S 19,28,28) (S 27,24,28) (S 33,24,27) (S 13,20,20) (D 0,1,6)
0 1 7 61 185.00 10 (D 0,1,7) (S 63,26,23) (S 74,23,22) (S 72,21,24) (S 18,27,27) (S 50,20,16) (S 49,16,11) (S 56,11,16) (S 52,16,12) (D 0,1,7)
0 1 8 60 267.00 9 (D 0,1,8) (S 30,21,28) (S 62,21,29) (S 11,16,16) (S 42,16,13) (S 38,16,21) (S 26,20,27) (S 37,11,20) (D 0,1,8)
