449.00
9
1
0
0 1 1 44 70.00 8 (D 0,1,1) (S 30,20,15) (S 38,15,20) (S 36,21,24) (S 20,23,24) (S 24,24,21) (S 12,21,21) (D 0,1,1)
0 1 2 24 46.00 6 (D 0,1,2) (S 7,11,11) (S 4,6,6) (S 22,16,17) (S 9,17,17) (D 0,1,2)
0 1 3 14 49.00 5 (D 0,1,3) (S 29,1,11) (S 25,12,11) (S 31,12,17) (D 0,1,3)
0 1 4 13 17.00 3 (D 0,1,4) (S 32,1,19) (D 0,1,4)
0 1 5 25 33.00 4 (D 0,1,5) (S 15,1,20) (S 27,20,21) (D 0,1,5)
0 1 6 7 21.00 3 (D 0,1,6) (S 39,15,21) (D 0,1,6)
0 1 7 32 95.00 6 (D 0,1,7) (S 17,12,16) (S 33,16,15) (S 14,6,12) (S 26,6,5) (D 0,1,7)
0 1 8 34 38.00 3 (D 0,1,8) (S 11,19,19) (D 0,1,8)
0 1 9 42 80.00 4 (D 0,1,9) (S 21,6,11) (S 3,5,5) (D 0,1,9)
