1388.00
8
1
0
0 1 1 63 139.00 18 (D 0,1,1) (S 70,1,5) (S 43,5,1) (S 3,7,7) (S 32,4,7) (S 58,7,6) (S 59,6,7) (S 2,4,4) (S 7,11,11) (S 55,16,20) (S 52,20,16) (S 49,20,27) (S 71,27,20) (S 60,20,21) (S 47,21,22) (S 63,22,17) (S 13,17,17) (D 0,1,1)
0 1 2 150 391.00 21 (D 0,1,2) (S 45,5,8) (S 51,8,5) (S 8,12,12) (S 62,12,11) (S 56,11,16) (S 66,16,13) (S 40,13,8) (S 5,9,9) (S 26,8,9) (S 29,4,5) (S 41,12,16) (S 35,16,21) (S 16,21,21) (S 61,24,28) (S 65,28,21) (S 9,13,13) (S 10,14,14) (S 31,13,14) (S 18,23,23) (D 0,1,2)
0 1 3 103 171.00 8 (D 0,1,3) (S 54,1,9) (S 4,8,8) (S 30,7,12) (S 15,20,20) (S 67,24,21) (S 17,22,22) (D 0,1,3)
0 1 4 83 189.00 10 (D 0,1,4) (S 36,6,11) (S 46,13,16) (S 44,27,24) (S 21,28,28) (S 50,28,27) (S 12,16,16) (S 6,10,10) (S 1,3,3) (D 0,1,4)
0 1 5 59 139.00 11 (D 0,1,5) (S 25,14,15) (S 11,15,15) (S 14,18,18) (S 57,18,23) (S 64,23,18) (S 28,18,19) (S 19,25,25) (S 48,25,29) (S 22,29,29) (D 0,1,5)
0 1 6 13 79.00 4 (D 0,1,6) (S 27,10,15) (S 53,10,3) (D 0,1,6)
0 1 7 25 94.00 6 (D 0,1,7) (S 33,15,19) (S 20,26,26) (S 39,30,25) (S 37,25,22) (D 0,1,7)
0 1 8 51 186.00 8 (D 0,1,8) (S 69,18,26) (S 23,26,30) (S 68,30,23) (S 24,23,26) (S 34,10,19) (S 42,15,8) (D 0,1,8)
