353.00
7
1
0
0 1 1 11 16.00 5 (D 0,1,1) (S 11,1,6) (S 4,6,6) (S 18,6,9) (D 0,1,1)
0 1 2 36 69.00 10 (D 0,1,2) (S 17,1,3) (S 14,3,8) (S 5,7,7) (S 7,7,8) (S 6,8,8) (S 3,5,5) (S 8,2,4) (S 10,4,5) (D 0,1,2)
0 1 3 8 16.00 3 (D 0,1,3) (S 12,1,9) (D 0,1,3)
0 1 4 12 38.00 4 (D 0,1,4) (S 15,4,8) (S 20,4,9) (D 0,1,4)
0 1 5 35 61.00 7 (D 0,1,5) (S 21,3,4) (S 0,2,2) (S 2,4,4) (S 19,2,3) (S 24,3,6) (D 0,1,5)
0 1 6 23 63.00 5 (D 0,1,6) (S 23,6,7) (S 9,5,8) (S 13,5,9) (D 0,1,6)
0 1 7 28 90.00 5 (D 0,1,7) (S 22,2,7) (S 16,2,6) (S 1,3,3) (D 0,1,7)
