1506.00
8
1
0
0 1 1 65 179.00 14 (D 0,1,1) (S 33,1,5) (S 8,14,14) (S 7,12,12) (S 28,12,13) (S 59,13,8) (S 58,8,14) (S 43,14,8) (S 51,14,13) (S 62,12,11) (S 40,11,12) (S 44,11,16) (S 39,16,11) (D 0,1,1)
0 1 2 65 212.00 12 (D 0,1,2) (S 29,5,8) (S 71,15,9) (S 46,9,15) (S 42,9,10) (S 61,10,9) (S 1,3,3) (S 24,3,10) (S 31,10,15) (S 26,15,19) (S 65,22,29) (D 0,1,2)
0 1 3 65 193.00 9 (D 0,1,3) (S 52,13,16) (S 41,17,14) (S 37,14,15) (S 9,15,15) (S 6,9,9) (S 34,20,24) (S 48,20,16) (D 0,1,3)
0 1 4 62 142.00 6 (D 0,1,4) (S 5,8,8) (S 10,16,16) (S 15,22,22) (S 21,29,29) (D 0,1,4)
0 1 5 65 204.00 11 (D 0,1,5) (S 13,20,20) (S 17,24,24) (S 57,20,21) (S 14,21,21) (S 20,28,28) (S 54,21,20) (S 32,24,27) (S 19,27,27) (S 27,21,28) (D 0,1,5)
0 1 6 60 195.00 12 (D 0,1,6) (S 23,17,22) (S 60,22,21) (S 70,21,29) (S 67,29,22) (S 53,29,30) (S 22,30,30) (S 38,26,30) (S 49,30,29) (S 55,29,28) (S 11,17,17) (D 0,1,6)
0 1 7 65 203.00 8 (D 0,1,7) (S 25,16,17) (S 36,17,18) (S 12,18,18) (S 63,23,18) (S 66,26,23) (S 16,23,23) (D 0,1,7)
0 1 8 37 178.00 5 (D 0,1,8) (S 30,11,20) (S 47,26,18) (S 35,10,19) (D 0,1,8)
