696.00
10
1
0
0 1 1 31 48.00 7 (D 0,1,1) (S 8,11,11) (S 56,16,15) (S 47,15,16) (S 11,16,16) (S 6,9,9) (D 0,1,1)
0 1 2 5 9.00 3 (D 0,1,2) (S 26,40,40) (D 0,1,2)
0 1 3 5 9.00 3 (D 0,1,3) (S 67,1,40) (D 0,1,3)
0 1 4 34 59.00 7 (D 0,1,4) (S 70,1,11) (S 49,11,12) (S 74,12,11) (S 32,11,16) (S 61,15,9) (D 0,1,4)
0 1 5 65 147.00 10 (D 0,1,5) (S 28,1,6) (S 3,6,6) (S 21,35,35) (S 22,36,36) (S 55,2,1) (S 34,1,35) (S 36,35,36) (S 24,38,38) (D 0,1,5)
0 1 6 25 55.00 4 (D 0,1,6) (S 30,14,15) (S 9,12,12) (D 0,1,6)
0 1 7 29 72.00 9 (D 0,1,7) (S 50,30,31) (S 72,37,38) (S 44,38,39) (S 25,39,39) (S 71,39,5) (S 42,5,39) (S 2,4,4) (D 0,1,7)
0 1 8 52 97.00 8 (D 0,1,8) (S 0,2,2) (S 29,2,36) (S 40,29,36) (S 41,29,30) (S 1,3,3) (S 65,3,4) (D 0,1,8)
0 1 9 54 127.00 10 (D 0,1,9) (S 23,37,37) (S 51,37,3) (S 69,3,37) (S 62,37,30) (S 57,31,37) (S 19,31,31) (S 31,32,39) (S 66,5,4) (D 0,1,9)
0 1 10 12 73.00 3 (D 0,1,10) (S 46,32,31) (D 0,1,10)
