548.00
8
1
0
0 1 1 25 37.00 7 (D 0,1,1) (S 5,10,10) (S 77,17,18) (S 75,18,17) (S 95,18,19) (S 13,19,19) (D 0,1,1)
0 1 2 33 47.00 9 (D 0,1,2) (S 72,1,15) (S 18,24,24) (S 17,23,23) (S 76,23,24) (S 61,24,23) (S 80,23,28) (S 21,28,28) (D 0,1,2)
0 1 3 26 36.00 5 (D 0,1,3) (S 42,15,24) (S 84,30,29) (S 22,29,29) (D 0,1,3)
0 1 4 34 44.00 6 (D 0,1,4) (S 53,1,9) (S 4,9,9) (S 88,1,16) (S 11,16,16) (D 0,1,4)
0 1 5 16 25.00 4 (D 0,1,5) (S 81,24,30) (S 23,30,30) (D 0,1,5)
0 1 6 43 74.00 10 (D 0,1,6) (S 12,17,17) (S 6,11,11) (S 87,11,18) (S 74,18,11) (S 0,3,3) (S 52,3,4) (S 91,4,7) (S 3,7,7) (D 0,1,6)
0 1 7 15 29.00 4 (D 0,1,7) (S 43,10,17) (S 92,17,30) (D 0,1,7)
0 1 8 132 256.00 16 (D 0,1,8) (S 37,1,10) (S 73,23,22) (S 16,22,22) (S 89,22,13) (S 93,13,9) (S 10,15,15) (S 94,22,23) (S 9,14,14) (S 39,14,22) (S 8,13,13) (S 41,6,11) (S 2,6,6) (S 51,3,6) (S 56,17,24) (D 0,1,8)
