1495.00
9
1
0
0 1 1 65 191.00 16 (D 0,1,1) (S 0,2,2) (S 66,2,3) (S 50,3,2) (S 21,1,5) (S 35,1,2) (S 6,10,10) (S 44,10,9) (S 70,9,10) (S 71,9,2) (S 3,7,7) (S 48,7,6) (S 1,4,4) (S 34,4,6) (S 49,11,12) (D 0,1,1)
0 1 2 64 130.00 11 (D 0,1,2) (S 17,1,8) (S 40,8,13) (S 51,13,8) (S 52,8,14) (S 64,14,17) (S 55,17,14) (S 46,14,8) (S 4,8,8) (S 16,12,13) (D 0,1,2)
0 1 3 65 173.00 15 (D 0,1,3) (S 23,5,8) (S 68,12,11) (S 7,11,11) (S 45,12,16) (S 8,16,16) (S 11,21,21) (S 62,21,22) (S 12,22,22) (S 67,22,29) (S 54,29,22) (S 77,22,21) (S 76,30,25) (S 75,25,30) (D 0,1,3)
0 1 4 65 183.00 9 (D 0,1,4) (S 24,3,10) (S 36,18,19) (S 37,15,9) (S 5,9,9) (S 27,10,19) (S 53,18,15) (S 58,20,21) (D 0,1,4)
0 1 5 62 174.00 12 (D 0,1,5) (S 65,13,16) (S 43,16,13) (S 18,16,21) (S 14,28,28) (S 25,24,28) (S 20,20,24) (S 10,20,20) (S 60,20,16) (S 72,21,24) (S 22,24,27) (D 0,1,5)
0 1 6 60 201.00 12 (D 0,1,6) (S 47,14,13) (S 26,21,28) (S 38,21,29) (S 15,30,30) (S 41,25,29) (S 61,29,30) (S 56,30,29) (S 69,29,28) (S 30,17,22) (S 73,29,21) (D 0,1,6)
0 1 7 65 185.00 8 (D 0,1,7) (S 2,6,6) (S 42,4,5) (S 33,7,8) (S 29,14,15) (S 32,15,19) (S 74,7,12) (D 0,1,7)
0 1 8 64 171.00 6 (D 0,1,8) (S 9,17,17) (S 28,16,17) (S 63,15,8) (S 19,11,20) (D 0,1,8)
0 1 9 11 87.00 3 (D 0,1,9) (S 31,27,28) (D 0,1,9)
