256.00
10
1
0
0 1 1 21 32.00 5 (D 0,1,1) (S 16,1,7) (S 8,5,7) (S 3,7,7) (D 0,1,1)
0 1 2 4 6.00 3 (D 0,1,2) (S 17,1,10) (D 0,1,2)
0 1 3 21 46.00 7 (D 0,1,3) (S 11,1,2) (S 10,2,9) (S 2,6,6) (S 9,6,9) (S 19,2,5) (D 0,1,3)
0 1 4 4 14.00 4 (D 0,1,4) (S 7,1,3) (S 14,3,10) (D 0,1,4)
0 1 5 2 10.00 3 (D 0,1,5) (S 15,1,5) (D 0,1,5)
0 1 6 8 32.00 4 (D 0,1,6) (S 23,3,6) (S 21,6,7) (D 0,1,6)
0 1 7 15 28.00 4 (D 0,1,7) (S 18,3,11) (S 6,11,11) (D 0,1,7)
0 1 8 22 40.00 4 (D 0,1,8) (S 5,9,9) (S 22,6,10) (D 0,1,8)
0 1 9 9 22.00 3 (D 0,1,9) (S 12,3,5) (D 0,1,9)
0 1 10 25 26.00 3 (D 0,1,10) (S 0,2,2) (D 0,1,10)
