974.00
9
1
0
0 1 1 65 98.00 16 (D 0,1,1) (S 51,1,2) (S 0,2,2) (S 82,2,1) (S 6,11,11) (S 66,11,1) (S 64,6,12) (S 61,12,6) (S 3,6,6) (S 7,12,12) (S 4,7,7) (S 38,7,13) (S 1,3,3) (S 20,3,7) (S 8,13,13) (D 0,1,1)
0 1 2 64 117.00 13 (D 0,1,2) (S 44,1,40) (S 48,40,1) (S 74,1,11) (S 9,15,15) (S 69,9,10) (S 58,10,9) (S 49,9,8) (S 5,8,8) (S 52,8,9) (S 83,8,40) (S 28,1,6) (D 0,1,2)
0 1 3 50 103.00 12 (D 0,1,3) (S 35,1,33) (S 29,33,34) (S 45,34,35) (S 55,35,34) (S 62,27,28) (S 16,28,28) (S 39,28,35) (S 81,37,38) (S 53,38,37) (S 40,37,3) (D 0,1,3)
0 1 4 64 163.00 13 (D 0,1,4) (S 60,1,8) (S 70,16,15) (S 46,15,9) (S 80,36,37) (S 72,37,30) (S 65,30,31) (S 59,31,30) (S 78,31,37) (S 71,37,36) (S 54,38,39) (S 76,39,5) (D 0,1,4)
0 1 5 61 117.00 8 (D 0,1,5) (S 30,11,16) (S 68,16,10) (S 36,1,35) (S 56,35,28) (S 22,35,36) (S 75,2,3) (D 0,1,5)
0 1 6 46 98.00 9 (D 0,1,6) (S 42,33,26) (S 33,26,27) (S 23,27,34) (S 18,2,36) (S 50,5,39) (S 2,4,4) (S 84,4,3) (D 0,1,6)
0 1 7 14 25.00 4 (D 0,1,7) (S 31,12,17) (S 57,17,13) (D 0,1,7)
0 1 8 48 137.00 8 (D 0,1,8) (S 73,12,11) (S 26,14,15) (S 37,1,10) (S 21,31,38) (S 32,32,39) (S 41,5,4) (D 0,1,8)
0 1 9 40 116.00 5 (D 0,1,9) (S 77,39,38) (S 63,32,31) (S 15,26,26) (D 0,1,9)
