650.00
16
1
0
0 1 1 10 21.00 4 (D 0,1,1) (S 30,1,24) (S 22,24,27) (D 0,1,1)
0 1 2 7 8.00 3 (D 0,1,2) (S 18,1,19) (D 0,1,2)
0 1 3 4 11.00 3 (D 0,1,3) (S 25,1,27) (D 0,1,3)
0 1 4 27 68.00 8 (D 0,1,4) (S 29,1,15) (S 14,15,20) (S 31,20,21) (S 24,21,22) (S 34,22,23) (S 17,21,25) (D 0,1,4)
0 1 5 8 13.00 3 (D 0,1,5) (S 41,1,17) (D 0,1,5)
0 1 6 26 49.00 7 (D 0,1,6) (S 35,3,6) (S 2,6,6) (S 44,6,8) (S 3,8,8) (S 36,8,9) (D 0,1,6)
0 1 7 13 32.00 6 (D 0,1,7) (S 9,1,3) (S 19,4,12) (S 0,2,2) (S 39,12,19) (D 0,1,7)
0 1 8 5 22.00 4 (D 0,1,8) (S 1,4,4) (S 28,4,19) (D 0,1,8)
0 1 9 27 82.00 9 (D 0,1,9) (S 16,3,4) (S 42,12,13) (S 13,13,14) (S 5,14,14) (S 12,14,20) (S 15,21,23) (S 45,25,26) (D 0,1,9)
0 1 10 7 18.00 3 (D 0,1,10) (S 26,15,17) (D 0,1,10)
0 1 11 11 42.00 4 (D 0,1,11) (S 11,3,8) (S 20,5,9) (D 0,1,11)
0 1 12 27 51.00 5 (D 0,1,12) (S 32,4,5) (S 27,5,6) (S 38,6,9) (D 0,1,12)
0 1 13 20 65.00 5 (D 0,1,13) (S 10,2,12) (S 46,13,15) (S 37,22,25) (D 0,1,13)
0 1 14 25 79.00 5 (D 0,1,14) (S 21,4,6) (S 43,14,18) (S 40,18,25) (D 0,1,14)
0 1 15 20 52.00 4 (D 0,1,15) (S 33,18,21) (S 7,23,23) (D 0,1,15)
0 1 16 8 37.00 3 (D 0,1,16) (S 8,26,26) (D 0,1,16)
