1455.00
7
1
0
0 1 1 73 179.00 16 (D 0,1,1) (S 49,1,6) (S 62,6,1) (S 1,6,6) (S 48,1,7) (S 2,7,7) (S 52,7,1) (S 37,12,13) (S 6,13,13) (S 67,13,7) (S 9,19,19) (S 27,19,25) (S 42,25,30) (S 19,31,31) (S 78,30,25) (D 0,1,1)
0 1 2 75 183.00 14 (D 0,1,2) (S 46,12,18) (S 56,18,12) (S 22,12,19) (S 73,25,29) (S 23,29,30) (S 34,30,31) (S 18,29,29) (S 79,26,20) (S 10,20,20) (S 65,20,26) (S 36,26,27) (S 75,20,14) (D 0,1,2)
0 1 3 73 177.00 14 (D 0,1,3) (S 39,6,12) (S 33,14,15) (S 71,14,20) (S 77,15,9) (S 76,9,15) (S 26,9,10) (S 0,4,4) (S 28,4,10) (S 4,10,10) (S 69,10,11) (S 60,11,17) (S 47,17,11) (D 0,1,3)
0 1 4 75 192.00 12 (D 0,1,4) (S 35,1,2) (S 3,8,8) (S 51,8,9) (S 61,3,10) (S 64,3,4) (S 5,11,11) (S 66,11,10) (S 44,3,2) (S 32,13,14) (S 15,26,26) (D 0,1,4)
0 1 5 74 226.00 10 (D 0,1,5) (S 74,18,29) (S 16,27,27) (S 7,15,15) (S 29,3,9) (S 38,4,11) (S 45,17,24) (S 21,33,33) (S 30,33,34) (D 0,1,5)
0 1 6 73 235.00 8 (D 0,1,6) (S 68,6,18) (S 72,19,18) (S 53,2,8) (S 25,2,13) (S 41,34,28) (S 70,28,27) (D 0,1,6)
0 1 7 65 263.00 7 (D 0,1,7) (S 24,25,26) (S 14,24,24) (S 40,24,34) (S 17,28,28) (S 55,34,24) (D 0,1,7)
