3358.00
19
15000000
15000000
0 1 1 75 129.00 15 (D 0,1,1) (S 60,12,13) (S 131,13,12) (S 64,14,15) (S 135,15,14) (S 4,23,23) (S 138,23,15) (S 67,15,23) (S 151,23,22) (S 80,22,23) (S 66,15,16) (S 137,16,15) (S 133,14,13) (S 62,13,14) (D 0,1,1)
0 1 2 73 162.00 19 (D 0,1,2) (S 38,1,6) (S 48,6,12) (S 88,26,30) (S 159,30,26) (S 142,19,18) (S 71,18,19) (S 75,19,26) (S 8,41,41) (S 23,41,48) (S 24,41,49) (S 26,42,44) (S 14,36,37) (S 27,43,45) (S 165,32,28) (S 94,28,32) (S 170,32,31) (S 100,31,37) (D 0,1,2)
0 1 3 73 139.00 15 (D 0,1,3) (S 109,6,1) (S 61,12,20) (S 132,20,12) (S 119,12,6) (S 129,12,11) (S 59,11,19) (S 87,26,29) (S 158,29,26) (S 98,30,34) (S 11,34,40) (S 21,40,47) (S 169,34,30) (S 146,26,19) (D 0,1,3)
0 1 4 72 152.00 13 (D 0,1,4) (S 9,7,7) (S 111,7,2) (S 40,2,7) (S 50,7,8) (S 121,8,7) (S 52,8,9) (S 123,9,8) (S 53,8,14) (S 124,14,8) (S 3,3,3) (S 7,10,10) (D 0,1,4)
0 1 5 72 164.00 13 (D 0,1,5) (S 49,6,13) (S 63,13,21) (S 134,21,13) (S 120,13,6) (S 58,11,12) (S 130,19,11) (S 0,19,19) (S 10,34,35) (S 13,35,41) (S 20,40,41) (S 22,41,42) (D 0,1,5)
0 1 6 72 160.00 12 (D 0,1,6) (S 6,5,5) (S 45,5,11) (S 72,18,26) (S 143,26,18) (S 161,30,27) (S 90,27,30) (S 12,35,36) (S 15,36,42) (S 29,44,49) (S 33,47,48) (D 0,1,6)
0 1 7 72 167.00 12 (D 0,1,7) (S 47,6,7) (S 51,7,13) (S 122,13,7) (S 55,9,15) (S 126,15,9) (S 113,9,3) (S 5,4,4) (S 43,4,10) (S 114,10,4) (S 112,4,3) (D 0,1,7)
0 1 8 75 177.00 12 (D 0,1,8) (S 76,20,21) (S 79,21,27) (S 150,27,21) (S 147,21,20) (S 145,20,19) (S 74,19,20) (S 116,11,5) (S 174,34,33) (S 105,33,40) (S 176,40,33) (D 0,1,8)
0 1 9 74 173.00 12 (D 0,1,9) (S 37,1,5) (S 108,5,1) (S 69,16,24) (S 84,24,25) (S 2,25,25) (S 155,25,24) (S 140,24,16) (S 86,25,28) (S 157,28,25) (S 101,32,37) (D 0,1,9)
0 1 10 74 200.00 12 (D 0,1,10) (S 99,31,32) (S 171,37,31) (S 17,37,43) (S 31,45,50) (S 172,37,32) (S 18,38,43) (S 28,43,50) (S 1,49,49) (S 30,44,50) (S 25,42,43) (D 0,1,10)
0 1 11 70 175.00 10 (D 0,1,11) (S 118,7,6) (S 83,23,31) (S 154,31,23) (S 82,23,24) (S 153,24,23) (S 65,14,22) (S 136,22,14) (S 56,9,16) (D 0,1,11)
0 1 12 73 190.00 11 (D 0,1,12) (S 78,21,22) (S 149,22,21) (S 92,27,35) (S 103,33,34) (S 104,33,39) (S 175,39,33) (S 167,33,29) (S 97,29,39) (S 168,39,29) (D 0,1,12)
0 1 13 75 194.00 10 (D 0,1,13) (S 73,18,29) (S 96,29,33) (S 32,46,47) (S 160,34,26) (S 89,26,34) (S 163,35,27) (S 91,27,31) (S 152,31,22) (D 0,1,13)
0 1 14 67 205.00 10 (D 0,1,14) (S 127,16,9) (S 42,3,9) (S 54,9,10) (S 57,10,17) (S 70,17,25) (S 141,25,17) (S 139,17,16) (S 68,16,17) (D 0,1,14)
0 1 15 67 185.00 9 (D 0,1,15) (S 39,2,3) (S 41,3,4) (S 110,3,2) (S 81,22,31) (S 102,32,38) (S 173,38,32) (S 156,32,24) (D 0,1,15)
0 1 16 69 210.00 9 (D 0,1,16) (S 115,6,5) (S 144,29,18) (S 106,33,46) (S 177,46,33) (S 34,48,49) (S 16,37,38) (S 166,38,28) (D 0,1,16)
0 1 17 67 187.00 8 (D 0,1,17) (S 36,1,2) (S 85,24,32) (S 95,28,38) (S 19,38,45) (S 162,31,27) (S 93,27,36) (D 0,1,17)
0 1 18 70 212.00 8 (D 0,1,18) (S 44,5,6) (S 77,20,30) (S 148,30,20) (S 117,18,5) (S 46,5,18) (S 164,36,27) (D 0,1,18)
0 1 19 45 177.00 6 (D 0,1,19) (S 107,2,1) (S 128,17,10) (S 125,10,9) (S 35,49,50) (D 0,1,19)
