974.00
9
1
0
0 1 1 54 122.00 13 (D 0,1,1) (S 42,2,3) (S 55,3,2) (S 50,2,9) (S 4,8,8) (S 52,8,13) (S 38,13,8) (S 49,13,16) (S 41,16,11) (S 44,11,12) (S 45,12,11) (S 8,12,12) (D 0,1,1)
0 1 2 54 109.00 7 (D 0,1,2) (S 23,1,2) (S 0,3,3) (S 29,1,8) (S 33,8,9) (S 62,16,12) (D 0,1,2)
0 1 3 49 96.00 8 (D 0,1,3) (S 11,17,17) (S 15,22,22) (S 47,25,30) (S 31,26,30) (S 21,30,30) (S 18,26,26) (D 0,1,3)
0 1 4 34 83.00 6 (D 0,1,4) (S 37,16,13) (S 14,21,21) (S 36,21,24) (S 17,24,24) (D 0,1,4)
0 1 5 59 151.00 11 (D 0,1,5) (S 22,16,21) (S 35,21,28) (S 39,28,29) (S 20,29,29) (S 43,29,28) (S 40,21,29) (S 59,29,21) (S 12,18,18) (S 54,18,15) (D 0,1,5)
0 1 6 63 174.00 8 (D 0,1,6) (S 5,9,9) (S 27,17,22) (S 28,22,25) (S 61,25,29) (S 25,16,17) (S 46,22,21) (D 0,1,6)
0 1 7 19 45.00 3 (D 0,1,7) (S 7,11,11) (D 0,1,7)
0 1 8 65 132.00 7 (D 0,1,8) (S 32,17,18) (S 24,10,15) (S 34,15,19) (S 10,15,15) (S 6,10,10) (D 0,1,8)
0 1 9 12 62.00 3 (D 0,1,9) (S 51,17,13) (D 0,1,9)
