422.00
10
1
0
0 1 1 25 38.00 7 (D 0,1,1) (S 4,6,6) (S 23,6,10) (S 10,7,10) (S 8,10,10) (S 5,7,7) (D 0,1,1)
0 1 2 17 32.00 6 (D 0,1,2) (S 20,1,3) (S 18,3,4) (S 7,9,9) (S 28,9,10) (D 0,1,2)
0 1 3 9 15.00 4 (D 0,1,3) (S 26,1,6) (S 17,6,7) (D 0,1,3)
0 1 4 18 38.00 6 (D 0,1,4) (S 29,1,11) (S 9,11,11) (S 14,2,11) (S 22,4,9) (D 0,1,4)
0 1 5 15 30.00 4 (D 0,1,5) (S 1,3,3) (S 15,4,10) (D 0,1,5)
0 1 6 26 84.00 7 (D 0,1,6) (S 24,5,8) (S 6,8,8) (S 11,4,8) (S 13,4,5) (S 19,2,3) (D 0,1,6)
0 1 7 22 51.00 5 (D 0,1,7) (S 30,6,8) (S 3,5,5) (S 27,5,10) (D 0,1,7)
0 1 8 27 36.00 4 (D 0,1,8) (S 16,2,4) (S 2,4,4) (D 0,1,8)
0 1 9 25 69.00 5 (D 0,1,9) (S 21,3,11) (S 12,5,11) (S 25,3,9) (D 0,1,9)
0 1 10 21 29.00 3 (D 0,1,10) (S 0,2,2) (D 0,1,10)
