640.00
14
1
0
0 1 1 13 24.00 7 (D 0,1,1) (S 2,4,4) (S 13,4,5) (S 31,5,8) (S 8,1,4) (S 7,10,10) (D 0,1,1)
0 1 2 10 38.00 7 (D 0,1,2) (S 9,1,8) (S 1,3,3) (S 29,3,11) (S 15,6,11) (S 43,6,10) (D 0,1,2)
0 1 3 5 7.00 3 (D 0,1,3) (S 39,1,10) (D 0,1,3)
0 1 4 27 70.00 7 (D 0,1,4) (S 41,2,6) (S 11,6,9) (S 6,9,9) (S 42,5,11) (S 4,7,7) (D 0,1,4)
0 1 5 27 72.00 8 (D 0,1,5) (S 14,1,2) (S 25,2,4) (S 26,4,9) (S 3,5,5) (S 27,2,7) (S 40,1,3) (D 0,1,5)
0 1 6 27 61.00 6 (D 0,1,6) (S 33,1,11) (S 10,6,8) (S 18,8,11) (S 32,6,7) (D 0,1,6)
0 1 7 10 21.00 4 (D 0,1,7) (S 36,3,5) (S 47,4,10) (D 0,1,7)
0 1 8 26 60.00 6 (D 0,1,8) (S 0,2,2) (S 21,3,7) (S 17,7,9) (S 16,5,9) (D 0,1,8)
0 1 9 23 54.00 5 (D 0,1,9) (S 24,1,6) (S 35,1,7) (S 38,2,11) (D 0,1,9)
0 1 10 27 66.00 6 (D 0,1,10) (S 34,1,5) (S 45,4,7) (S 46,4,8) (S 12,2,3) (D 0,1,10)
0 1 11 6 14.00 3 (D 0,1,11) (S 22,3,10) (D 0,1,11)
0 1 12 25 38.00 4 (D 0,1,12) (S 28,4,11) (S 5,8,8) (D 0,1,12)
0 1 13 13 33.00 4 (D 0,1,13) (S 23,2,5) (S 44,2,10) (D 0,1,13)
0 1 14 27 82.00 6 (D 0,1,14) (S 37,3,8) (S 19,3,9) (S 30,2,8) (S 20,3,4) (D 0,1,14)
