262.00
10
1
0
0 1 1 2 4.00 3 (D 0,1,1) (S 6,8,8) (D 0,1,1)
0 1 2 17 40.00 8 (D 0,1,2) (S 5,7,7) (S 9,7,11) (S 14,1,2) (S 15,2,9) (S 17,6,11) (S 19,1,8) (D 0,1,2)
0 1 3 12 18.00 4 (D 0,1,3) (S 10,1,11) (S 7,10,10) (D 0,1,3)
0 1 4 7 9.00 3 (D 0,1,4) (S 21,2,8) (D 0,1,4)
0 1 5 17 54.00 7 (D 0,1,5) (S 8,1,9) (S 11,6,9) (S 20,7,9) (S 23,1,5) (S 3,5,5) (D 0,1,5)
0 1 6 14 28.00 5 (D 0,1,6) (S 13,2,4) (S 16,4,7) (S 22,7,8) (D 0,1,6)
0 1 7 7 13.00 3 (D 0,1,7) (S 12,7,10) (D 0,1,7)
0 1 8 24 38.00 4 (D 0,1,8) (S 0,2,2) (S 18,9,10) (D 0,1,8)
0 1 9 15 29.00 3 (D 0,1,9) (S 2,4,4) (D 0,1,9)
0 1 10 17 29.00 3 (D 0,1,10) (S 4,6,6) (D 0,1,10)
