1451.00
10
1
0
0 1 1 74 153.00 23 (D 0,1,1) (S 98,1,6) (S 61,12,13) (S 88,13,12) (S 8,13,13) (S 4,8,8) (S 72,8,7) (S 3,7,7) (S 90,7,8) (S 83,7,13) (S 91,12,11) (S 64,11,5) (S 94,6,1) (S 68,6,13) (S 100,13,7) (S 46,2,7) (S 36,13,14) (S 38,13,21) (S 85,26,30) (S 17,30,30) (S 87,30,34) (S 22,40,40) (D 0,1,1)
0 1 2 69 131.00 14 (D 0,1,2) (S 103,6,7) (S 49,8,14) (S 39,12,20) (S 12,18,18) (S 111,18,26) (S 65,26,29) (S 56,29,33) (S 27,46,46) (S 37,33,40) (S 51,33,34) (S 19,34,34) (S 62,33,39) (D 0,1,2)
0 1 3 51 97.00 9 (D 0,1,3) (S 59,6,12) (S 96,19,26) (S 66,26,18) (S 15,26,26) (S 52,27,30) (S 102,39,29) (S 41,33,46) (D 0,1,3)
0 1 4 75 162.00 10 (D 0,1,4) (S 7,11,11) (S 57,5,6) (S 53,20,21) (S 13,21,21) (S 9,14,14) (S 0,2,2) (S 5,9,9) (S 32,15,23) (D 0,1,4)
0 1 5 19 42.00 4 (D 0,1,5) (S 31,19,20) (S 92,18,29) (D 0,1,5)
0 1 6 75 202.00 15 (D 0,1,6) (S 1,3,3) (S 54,3,9) (S 77,9,16) (S 10,16,16) (S 70,16,9) (S 43,9,15) (S 55,15,16) (S 106,23,31) (S 108,31,32) (S 20,37,37) (S 33,32,37) (S 69,28,32) (S 104,24,23) (D 0,1,6)
0 1 7 74 194.00 11 (D 0,1,7) (S 42,2,3) (S 6,10,10) (S 14,23,23) (S 74,31,37) (S 18,32,32) (S 76,37,38) (S 80,38,28) (S 109,28,38) (S 21,38,38) (D 0,1,7)
0 1 8 45 63.00 4 (D 0,1,8) (S 99,20,30) (S 16,27,27) (D 0,1,8)
0 1 9 74 243.00 11 (D 0,1,9) (S 93,31,23) (S 58,31,22) (S 71,22,21) (S 2,5,5) (S 11,17,17) (S 47,17,25) (S 34,25,28) (S 44,24,25) (S 45,16,17) (D 0,1,9)
0 1 10 24 164.00 5 (D 0,1,10) (S 50,9,10) (S 101,22,31) (S 67,24,32) (D 0,1,10)
