1217.00
14
1
0
0 1 1 133 242.00 33 (D 0,1,1) (S 67,17,18) (S 11,18,18) (S 63,18,11) (S 55,11,12) (S 1,4,4) (S 0,3,3) (S 45,3,4) (S 95,6,5) (S 2,5,5) (S 97,2,3) (S 3,6,6) (S 103,5,6) (S 47,6,11) (S 99,11,18) (S 7,12,12) (S 71,7,4) (S 53,3,6) (S 56,2,5) (S 85,1,16) (S 14,24,24) (S 82,24,23) (S 13,23,23) (S 54,23,29) (S 70,29,30) (S 59,30,29) (S 91,29,24) (S 37,15,24) (S 62,24,30) (S 66,30,38) (S 105,38,37) (S 23,37,37) (D 0,1,1)
0 1 2 55 115.00 16 (D 0,1,2) (S 35,16,17) (S 9,15,15) (S 101,15,1) (S 89,16,1) (S 44,14,23) (S 65,22,21) (S 69,21,13) (S 81,13,21) (S 12,21,21) (S 77,21,22) (S 17,27,27) (S 15,25,25) (S 38,25,33) (S 20,33,33) (D 0,1,2)
0 1 3 21 54.00 8 (D 0,1,3) (S 51,14,15) (S 73,23,22) (S 90,21,20) (S 96,20,21) (S 8,13,13) (S 83,20,25) (D 0,1,3)
0 1 4 38 64.00 7 (D 0,1,4) (S 10,17,17) (S 36,17,24) (S 102,28,27) (S 16,26,26) (S 64,26,25) (D 0,1,4)
0 1 5 39 73.00 7 (D 0,1,5) (S 32,15,16) (S 42,14,22) (S 84,22,28) (S 18,28,28) (S 46,26,27) (D 0,1,5)
0 1 6 35 87.00 6 (D 0,1,6) (S 49,10,17) (S 29,7,12) (S 61,5,1) (S 58,29,37) (D 0,1,6)
0 1 7 10 35.00 4 (D 0,1,7) (S 75,22,13) (S 4,8,8) (D 0,1,7)
0 1 8 76 161.00 17 (D 0,1,8) (S 76,22,23) (S 24,38,38) (S 50,46,50) (S 57,50,49) (S 60,49,50) (S 78,50,45) (S 41,45,46) (S 74,45,50) (S 86,49,45) (S 27,45,45) (S 28,48,48) (S 21,34,34) (S 26,42,42) (S 33,41,42) (S 93,41,33) (D 0,1,8)
0 1 9 32 72.00 5 (D 0,1,9) (S 87,30,17) (S 6,10,10) (S 104,29,28) (D 0,1,9)
0 1 10 39 83.00 6 (D 0,1,10) (S 40,38,46) (S 88,45,48) (S 72,35,34) (S 31,34,42) (D 0,1,10)
0 1 11 27 49.00 4 (D 0,1,11) (S 79,13,9) (S 5,9,9) (D 0,1,11)
0 1 12 11 35.00 3 (D 0,1,12) (S 94,13,8) (D 0,1,12)
0 1 13 21 68.00 4 (D 0,1,13) (S 52,43,44) (S 22,35,35) (D 0,1,13)
0 1 14 26 79.00 4 (D 0,1,14) (S 34,43,48) (S 100,43,35) (D 0,1,14)
