4005.00
13
1
0
0 1 1 120 423.00 11 (D 0,1,1) (S 200,1,116) (S 34,119,119) (S 206,119,120) (S 211,121,122) (S 213,122,123) (S 32,123,123) (S 33,124,124) (S 226,131,132) (S 233,136,138) (D 0,1,1)
0 1 2 118 361.00 8 (D 0,1,2) (S 201,116,117) (S 6,118,118) (S 209,118,121) (S 218,124,126) (S 45,126,126) (S 219,126,127) (D 0,1,2)
0 1 3 90 363.00 8 (D 0,1,3) (S 205,117,119) (S 210,120,121) (S 35,131,131) (S 227,132,133) (S 228,133,134) (S 9,135,135) (D 0,1,3)
0 1 4 72 317.00 5 (D 0,1,4) (S 215,120,123) (S 214,123,124) (S 223,127,129) (D 0,1,4)
0 1 5 69 316.00 4 (D 0,1,5) (S 204,117,118) (S 235,125,138) (D 0,1,5)
0 1 6 32 203.00 3 (D 0,1,6) (S 216,123,125) (D 0,1,6)
0 1 7 40 289.00 4 (D 0,1,7) (S 225,126,131) (S 230,134,135) (D 0,1,7)
0 1 8 45 297.00 4 (D 0,1,8) (S 220,127,128) (S 222,128,129) (D 0,1,8)
0 1 9 19 242.00 3 (D 0,1,9) (S 229,133,135) (D 0,1,9)
0 1 10 35 252.00 3 (D 0,1,10) (S 224,126,130) (D 0,1,10)
0 1 11 56 340.00 4 (D 0,1,11) (S 28,136,136) (S 232,136,137) (D 0,1,11)
0 1 12 31 288.00 3 (D 0,1,12) (S 231,134,136) (D 0,1,12)
0 1 13 47 314.00 3 (D 0,1,13) (S 234,131,138) (D 0,1,13)
