594.00
8
15000000
15000000
0 1 1 50 125.00 16 (D 0,1,1) (S 43,1,2) (S 36,2,1) (S 21,31,31) (S 33,29,31) (S 38,5,31) (S 31,1,31) (S 32,28,31) (S 60,6,5) (S 3,5,5) (S 51,5,6) (S 7,11,11) (S 8,12,12) (S 56,12,11) (S 2,4,4) (D 0,1,1)
0 1 2 42 75.00 10 (D 0,1,2) (S 0,2,2) (S 55,1,30) (S 40,30,1) (S 53,6,11) (S 42,11,12) (S 12,18,18) (S 61,18,21) (S 14,21,21) (D 0,1,2)
0 1 3 17 31.00 5 (D 0,1,3) (S 23,26,27) (S 18,26,26) (S 19,27,27) (D 0,1,3)
0 1 4 35 62.00 6 (D 0,1,4) (S 48,30,29) (S 20,29,29) (S 34,6,31) (S 52,28,26) (D 0,1,4)
0 1 5 46 89.00 9 (D 0,1,5) (S 27,2,8) (S 5,9,9) (S 49,9,4) (S 9,13,13) (S 13,19,19) (S 58,19,18) (S 59,18,19) (D 0,1,5)
0 1 6 40 83.00 6 (D 0,1,6) (S 54,12,18) (S 41,19,22) (S 30,20,22) (S 29,21,22) (D 0,1,6)
0 1 7 46 83.00 6 (D 0,1,7) (S 22,8,9) (S 25,4,13) (S 24,13,19) (S 45,19,20) (D 0,1,7)
0 1 8 14 46.00 3 (D 0,1,8) (S 26,8,12) (D 0,1,8)
