1227.00
7
1
0
0 1 1 12 28.00 7 (D 0,1,1) (S 59,1,2) (S 0,2,2) (S 50,2,1) (S 83,9,3) (S 1,3,3) (D 0,1,1)
0 1 2 112 226.00 28 (D 0,1,2) (S 66,8,9) (S 45,10,15) (S 72,15,10) (S 5,10,10) (S 95,10,9) (S 52,9,10) (S 82,10,11) (S 29,4,5) (S 51,4,10) (S 74,15,14) (S 61,14,23) (S 13,23,23) (S 28,23,24) (S 14,24,24) (S 80,24,25) (S 15,25,25) (S 19,31,31) (S 62,31,32) (S 20,32,32) (S 87,32,31) (S 88,25,26) (S 16,26,26) (S 69,26,25) (S 39,25,31) (S 85,32,36) (S 26,40,40) (D 0,1,2)
0 1 3 129 251.00 27 (D 0,1,3) (S 65,14,15) (S 7,14,14) (S 48,14,24) (S 92,24,14) (S 53,23,29) (S 18,29,29) (S 75,29,23) (S 6,13,13) (S 76,13,23) (S 57,23,13) (S 78,13,14) (S 79,16,19) (S 54,19,16) (S 8,16,16) (S 43,19,20) (S 44,20,17) (S 86,17,20) (S 11,20,20) (S 96,20,19) (S 40,21,27) (S 17,27,27) (S 46,33,37) (S 68,37,33) (S 21,33,33) (S 25,37,37) (D 0,1,3)
0 1 4 85 214.00 15 (D 0,1,4) (S 90,11,10) (S 41,11,12) (S 63,12,6) (S 49,6,12) (S 58,12,11) (S 56,11,16) (S 70,16,11) (S 2,4,4) (S 38,5,11) (S 3,6,6) (S 93,9,14) (S 77,26,32) (S 47,36,40) (D 0,1,4)
0 1 5 52 103.00 7 (D 0,1,5) (S 37,2,8) (S 9,17,17) (S 32,20,27) (S 97,27,33) (S 34,37,41) (D 0,1,5)
0 1 6 106 292.00 11 (D 0,1,6) (S 91,19,26) (S 94,30,29) (S 64,25,15) (S 89,21,20) (S 30,21,22) (S 12,22,22) (S 35,27,28) (S 27,16,17) (S 24,36,36) (D 0,1,6)
0 1 7 25 113.00 4 (D 0,1,7) (S 42,30,24) (S 33,30,31) (D 0,1,7)
