233.00
10
1
0
0 1 1 5 22.00 6 (D 0,1,1) (S 21,1,12) (S 9,6,12) (S 11,6,7) (S 4,7,7) (D 0,1,1)
0 1 2 4 47.00 6 (D 0,1,2) (S 0,2,2) (S 6,9,9) (S 7,9,10) (S 15,10,11) (D 0,1,2)
0 1 3 2 17.00 4 (D 0,1,3) (S 10,1,2) (S 20,2,9) (D 0,1,3)
0 1 4 1 18.00 3 (D 0,1,4) (S 2,4,4) (D 0,1,4)
0 1 5 1 18.00 3 (D 0,1,5) (S 16,1,4) (D 0,1,5)
0 1 6 2 24.00 4 (D 0,1,6) (S 5,8,8) (S 22,8,10) (D 0,1,6)
0 1 7 1 20.00 3 (D 0,1,7) (S 8,7,8) (D 0,1,7)
0 1 8 1 20.00 3 (D 0,1,8) (S 19,1,10) (D 0,1,8)
0 1 9 1 23.00 3 (D 0,1,9) (S 17,2,4) (D 0,1,9)
0 1 10 1 24.00 3 (D 0,1,10) (S 13,12,13) (D 0,1,10)
