285.00
6
1
0
0 1 1 14 35.00 5 (D 0,1,1) (S 34,1,24) (S 14,27,27) (S 21,24,27) (D 0,1,1)
0 1 2 8 13.00 3 (D 0,1,2) (S 23,1,17) (D 0,1,2)
0 1 3 27 72.00 10 (D 0,1,3) (S 24,1,15) (S 6,15,15) (S 38,15,20) (S 10,21,21) (S 12,25,25) (S 5,14,14) (S 31,14,21) (S 16,23,26) (D 0,1,3)
0 1 4 26 61.00 6 (D 0,1,4) (S 18,20,21) (S 29,21,25) (S 8,18,18) (S 35,14,20) (D 0,1,4)
0 1 5 23 50.00 5 (D 0,1,5) (S 26,21,23) (S 11,23,23) (S 13,26,26) (D 0,1,5)
0 1 6 16 54.00 4 (D 0,1,6) (S 20,18,25) (S 19,14,18) (D 0,1,6)
