9418.00
8
1
0
20 1 1 48 130.00 3 (D 20,1,1) (S 18,16,15) (D 20,1,1)
20 1 2 522 717.00 5 (D 20,1,2) (S 19,17,16) (S 7,7,13) (S 15,13,15) (D 20,1,2)
20 1 3 316 616.00 5 (D 20,1,3) (S 29,21,22) (S 6,7,6) (S 14,12,13) (D 20,1,3)
20 1 4 358 721.00 5 (D 20,1,4) (S 11,10,9) (S 9,9,8) (S 4,6,1) (D 20,1,4)
20 1 5 1111 1671.00 7 (D 20,1,5) (S 10,10,4) (S 2,4,5) (S 13,11,10) (S 23,18,19) (S 26,19,30) (D 20,1,5)
20 1 6 909 1132.00 5 (D 20,1,6) (S 17,16,8) (S 8,8,7) (S 5,6,12) (D 20,1,6)
20 1 7 1723 2042.00 7 (D 20,1,7) (S 21,17,22) (S 20,17,18) (S 24,18,23) (S 31,23,22) (S 30,22,17) (D 20,1,7)
20 1 8 1791 2389.00 7 (D 20,1,8) (S 28,21,17) (S 25,19,10) (S 3,5,11) (S 12,10,18) (S 22,18,10) (D 20,1,8)
