311.00
11
1
0
0 1 1 8 20.00 6 (D 0,1,1) (S 3,5,5) (S 12,5,8) (S 6,8,8) (S 28,7,10) (D 0,1,1)
0 1 2 24 37.00 7 (D 0,1,2) (S 27,1,7) (S 5,7,7) (S 7,9,9) (S 8,4,9) (S 30,4,11) (D 0,1,2)
0 1 3 26 54.00 7 (D 0,1,3) (S 17,1,3) (S 18,3,7) (S 11,7,9) (S 9,4,7) (S 32,5,10) (D 0,1,3)
0 1 4 27 56.00 6 (D 0,1,4) (S 4,6,6) (S 10,6,8) (S 13,5,7) (S 19,9,10) (D 0,1,4)
0 1 5 14 24.00 4 (D 0,1,5) (S 21,1,8) (S 22,5,11) (D 0,1,5)
0 1 6 13 43.00 4 (D 0,1,6) (S 31,1,6) (S 20,4,5) (D 0,1,6)
0 1 7 6 8.00 3 (D 0,1,7) (S 16,3,10) (D 0,1,7)
0 1 8 21 28.00 4 (D 0,1,8) (S 24,3,4) (S 2,4,4) (D 0,1,8)
0 1 9 5 8.00 3 (D 0,1,9) (S 25,1,11) (D 0,1,9)
0 1 10 9 12.00 3 (D 0,1,10) (S 15,1,10) (D 0,1,10)
0 1 11 20 21.00 3 (D 0,1,11) (S 1,3,3) (D 0,1,11)
