726.00
8
1
0
0 1 1 50 118.00 12 (D 0,1,1) (S 42,1,2) (S 36,2,1) (S 26,3,9) (S 53,3,2) (S 39,2,3) (S 1,3,3) (S 37,9,4) (S 2,4,4) (S 49,4,9) (S 8,12,12) (D 0,1,1)
0 1 2 49 92.00 8 (D 0,1,2) (S 0,2,2) (S 23,9,13) (S 9,13,13) (S 7,11,11) (S 43,10,14) (S 51,14,10) (D 0,1,2)
0 1 3 47 98.00 12 (D 0,1,3) (S 54,12,11) (S 44,31,5) (S 56,5,31) (S 21,31,31) (S 3,5,5) (S 55,5,6) (S 4,6,6) (S 19,29,29) (S 27,29,31) (S 32,24,27) (D 0,1,3)
0 1 4 49 103.00 8 (D 0,1,4) (S 28,8,9) (S 48,12,18) (S 12,18,18) (S 47,18,19) (S 15,21,21) (S 29,21,22) (D 0,1,4)
0 1 5 43 82.00 7 (D 0,1,5) (S 50,11,6) (S 30,6,31) (S 31,27,29) (S 52,29,28) (S 18,28,28) (D 0,1,5)
0 1 6 42 113.00 9 (D 0,1,6) (S 6,10,10) (S 10,16,16) (S 41,15,14) (S 38,14,15) (S 33,15,16) (S 35,10,16) (S 24,10,11) (D 0,1,6)
0 1 7 28 70.00 5 (D 0,1,7) (S 22,8,12) (S 34,19,18) (S 40,19,22) (D 0,1,7)
0 1 8 20 50.00 3 (D 0,1,8) (S 13,19,19) (D 0,1,8)
