664.00
10
1
0
0 1 1 33 68.00 6 (D 0,1,1) (S 18,1,3) (S 13,3,6) (S 20,6,12) (S 5,12,12) (D 0,1,1)
0 1 2 26 48.00 5 (D 0,1,2) (S 15,1,5) (S 9,5,10) (S 3,10,10) (D 0,1,2)
0 1 3 31 105.00 5 (D 0,1,3) (S 17,1,4) (S 6,4,5) (S 10,11,13) (D 0,1,3)
0 1 4 22 69.00 4 (D 0,1,4) (S 8,2,6) (S 21,6,10) (D 0,1,4)
0 1 5 8 44.00 3 (D 0,1,5) (S 11,4,10) (D 0,1,5)
0 1 6 17 75.00 5 (D 0,1,6) (S 7,2,8) (S 19,8,9) (S 2,9,9) (D 0,1,6)
0 1 7 28 89.00 4 (D 0,1,7) (S 0,2,2) (S 16,8,12) (D 0,1,7)
0 1 8 15 55.00 3 (D 0,1,8) (S 4,11,11) (D 0,1,8)
0 1 9 13 55.00 3 (D 0,1,9) (S 14,2,3) (D 0,1,9)
0 1 10 16 56.00 3 (D 0,1,10) (S 12,4,11) (D 0,1,10)
