337
6
14561498
64474
 0 1 1 5 61  7 (D 0,1,1) (S 21,1,7) (S 14,7,8) (S 28,8,10) (S 3,10,10) (S 17,10,9) (D 0,1,1)
 0 1 2 5 65  7 (D 0,1,1) (S 22,1,10) (S 18,10,11) (S 5,11,11) (S 12,11,5) (S 6,12,12) (D 0,1,1)
 0 1 3 4 33  6 (D 0,1,1) (S 23,1,12) (S 15,12,7) (S 7,7,7) (S 26,7,6) (D 0,1,1)
 0 1 4 5 56  7 (D 0,1,1) (S 27,12,6) (S 11,6,5) (S 25,5,3) (S 24,3,4) (S 1,4,4) (D 0,1,1)
 0 1 5 5 58  7 (D 0,1,1) (S 19,1,2) (S 4,2,2) (S 10,2,9) (S 29,9,11) (S 16,11,8) (D 0,1,1)
 0 1 6 5 64  7 (D 0,1,1) (S 20,1,4) (S 9,4,2) (S 8,2,3) (S 2,3,3) (S 13,5,12) (D 0,1,1)
