1363.00
8
2742057
2742057
0 1 1 100 162.00 27 (D 0,1,1) (S 51,1,6) (S 4,6,6) (S 80,1,5) (S 106,5,11) (S 9,11,11) (S 101,19,26) (S 23,34,34) (S 66,30,34) (S 98,34,30) (S 54,26,30) (S 90,26,19) (S 13,20,20) (S 103,20,19) (S 105,12,13) (S 10,13,13) (S 87,13,12) (S 104,12,20) (S 109,19,20) (S 14,21,21) (S 67,14,15) (S 11,15,15) (S 100,15,16) (S 71,16,24) (S 78,24,25) (S 17,25,25) (D 0,1,1)
0 1 2 150 319.00 37 (D 0,1,2) (S 3,5,5) (S 45,11,12) (S 76,13,14) (S 121,14,13) (S 36,15,23) (S 15,22,22) (S 41,22,23) (S 25,37,37) (S 107,37,38) (S 108,38,43) (S 48,43,45) (S 57,45,50) (S 30,44,44) (S 77,44,42) (S 85,42,44) (S 119,42,41) (S 28,41,41) (S 46,41,48) (S 114,40,47) (S 31,47,47) (S 65,47,40) (S 27,40,40) (S 70,40,34) (S 43,34,35) (S 24,36,36) (S 93,36,37) (S 81,43,38) (S 49,28,32) (S 21,32,32) (S 94,28,38) (S 58,38,28) (S 29,43,43) (S 83,43,37) (S 59,50,45) (S 42,43,50) (D 0,1,2)
0 1 3 150 373.00 25 (D 0,1,3) (S 68,5,1) (S 34,11,19) (S 62,34,33) (S 82,33,40) (S 37,40,41) (S 112,41,42) (S 32,48,48) (S 52,35,36) (S 61,36,27) (S 60,31,37) (S 96,50,44) (S 69,35,27) (S 110,31,32) (S 26,38,38) (S 47,33,39) (S 88,18,19) (S 44,20,21) (S 99,21,13) (S 74,13,6) (S 64,5,18) (S 12,18,18) (S 95,16,15) (S 2,4,4) (D 0,1,3)
0 1 4 10 40.00 4 (D 0,1,4) (S 7,9,9) (S 79,10,4) (D 0,1,4)
0 1 5 52 101.00 9 (D 0,1,5) (S 18,26,26) (S 63,21,22) (S 92,23,24) (S 73,24,16) (S 111,16,9) (S 39,9,10) (S 8,10,10) (D 0,1,5)
0 1 6 8 27.00 3 (D 0,1,6) (S 72,15,9) (D 0,1,6)
0 1 7 77 169.00 11 (D 0,1,7) (S 115,18,26) (S 22,33,33) (S 117,29,18) (S 20,31,31) (S 38,23,31) (S 113,24,23) (S 16,24,24) (S 56,16,17) (S 120,17,25) (D 0,1,7)
0 1 8 64 172.00 8 (D 0,1,8) (S 55,14,22) (S 19,27,27) (S 53,27,31) (S 35,20,30) (S 50,29,39) (S 40,29,33) (D 0,1,8)
