344.00
8
443006
443006
0 1 1 35 75.00 10 (D 0,1,1) (S 16,1,5) (S 0,2,2) (S 1,4,4) (S 5,10,10) (S 23,3,9) (S 22,3,10) (S 40,9,19) (S 34,19,9) (D 0,1,1)
0 1 2 37 67.00 8 (D 0,1,2) (S 13,20,20) (S 14,21,21) (S 15,23,23) (S 24,22,23) (S 32,21,24) (S 37,24,21) (D 0,1,2)
0 1 3 43 72.00 5 (D 0,1,3) (S 39,2,4) (S 18,3,4) (S 12,19,19) (D 0,1,3)
0 1 4 2 9.00 3 (D 0,1,4) (S 41,5,4) (D 0,1,4)
0 1 5 9 12.00 3 (D 0,1,5) (S 28,1,9) (D 0,1,5)
0 1 6 13 17.00 3 (D 0,1,6) (S 33,1,19) (D 0,1,6)
0 1 7 37 50.00 5 (D 0,1,7) (S 19,1,20) (S 30,20,21) (S 20,21,23) (D 0,1,7)
0 1 8 30 42.00 4 (D 0,1,8) (S 2,5,5) (S 17,2,5) (D 0,1,8)
