46993.00
49
7916014
7916014
0 1 1 130 787.00 13 (D 0,1,1) (S 3,2,2) (S 26,2,3) (S 124,3,2) (S 27,2,4) (S 125,4,2) (S 30,5,7) (S 128,7,5) (S 29,5,6) (S 127,6,5) (S 31,7,8) (S 115,12,76) (D 0,1,1)
0 1 2 130 849.00 8 (D 0,1,2) (S 25,1,2) (S 123,2,1) (S 4,5,5) (S 129,8,7) (S 34,10,11) (S 84,50,52) (D 0,1,2)
0 1 3 127 817.00 17 (D 0,1,3) (S 203,69,59) (S 105,59,69) (S 9,44,44) (S 75,44,45) (S 76,45,46) (S 174,46,45) (S 173,45,44) (S 77,44,46) (S 175,46,44) (S 182,52,50) (S 86,52,53) (S 217,51,21) (S 119,21,51) (S 85,51,53) (S 183,53,51) (D 0,1,3)
0 1 4 129 605.00 6 (D 0,1,4) (S 17,59,59) (S 20,58,58) (S 7,60,60) (S 102,62,66) (D 0,1,4)
0 1 5 129 861.00 9 (D 0,1,5) (S 16,9,9) (S 33,9,10) (S 132,11,10) (S 131,10,9) (S 130,9,8) (S 12,20,20) (S 87,52,54) (D 0,1,5)
0 1 6 127 896.00 14 (D 0,1,6) (S 32,8,9) (S 213,76,12) (S 214,76,20) (S 116,20,76) (S 38,13,14) (S 39,14,15) (S 137,15,14) (S 136,14,13) (S 40,13,77) (S 138,77,13) (S 37,13,16) (S 135,16,13) (D 0,1,6)
0 1 7 130 735.00 10 (D 0,1,7) (S 192,59,58) (S 94,58,59) (S 0,46,46) (S 81,47,49) (S 82,49,50) (S 184,53,52) (S 185,54,52) (S 2,54,54) (D 0,1,7)
0 1 8 130 844.00 6 (D 0,1,8) (S 28,4,5) (S 126,5,4) (S 79,47,48) (S 180,50,49) (D 0,1,8)
0 1 9 130 890.00 12 (D 0,1,9) (S 218,59,44) (S 179,49,47) (S 83,49,51) (S 181,51,49) (S 49,22,24) (S 147,24,22) (S 11,22,22) (S 145,22,21) (S 47,21,22) (S 149,75,25) (D 0,1,9)
0 1 10 126 899.00 7 (D 0,1,10) (S 202,69,58) (S 104,58,69) (S 120,44,59) (S 177,48,47) (S 186,53,24) (D 0,1,10)
0 1 11 130 929.00 15 (D 0,1,11) (S 6,43,43) (S 171,43,42) (S 73,42,43) (S 10,41,41) (S 166,40,39) (S 68,39,40) (S 167,39,35) (S 69,35,39) (S 71,40,41) (S 169,41,40) (S 66,37,38) (S 164,38,37) (S 70,35,41) (D 0,1,11)
0 1 12 128 921.00 10 (D 0,1,12) (S 96,58,60) (S 98,60,62) (S 100,63,64) (S 198,64,63) (S 101,63,65) (S 199,65,63) (S 188,56,55) (S 90,55,56) (D 0,1,12)
0 1 13 128 1050.00 7 (D 0,1,13) (S 18,52,52) (S 24,50,50) (S 19,23,23) (S 53,23,26) (S 110,72,73) (D 0,1,13)
0 1 14 128 1131.00 5 (D 0,1,14) (S 106,4,69) (S 5,66,66) (S 206,72,71) (D 0,1,14)
0 1 15 130 837.00 8 (D 0,1,15) (S 78,46,47) (S 23,75,75) (S 212,75,23) (S 13,27,27) (S 152,27,26) (S 151,26,23) (D 0,1,15)
0 1 16 130 774.00 7 (D 0,1,16) (S 121,60,67) (S 219,67,60) (S 200,66,62) (S 196,62,60) (S 194,60,58) (D 0,1,16)
0 1 17 128 1197.00 8 (D 0,1,17) (S 190,57,42) (S 92,42,57) (S 170,42,41) (S 14,40,40) (S 15,39,39) (S 207,73,71) (D 0,1,17)
0 1 18 126 936.00 8 (D 0,1,18) (S 35,11,12) (S 143,20,18) (S 45,18,20) (S 215,77,15) (S 117,15,77) (S 41,15,17) (D 0,1,18)
0 1 19 130 1355.00 7 (D 0,1,19) (S 99,62,63) (S 21,65,65) (S 197,63,62) (S 168,41,35) (S 208,73,72) (D 0,1,19)
0 1 20 129 1303.00 7 (D 0,1,20) (S 122,62,67) (S 220,67,62) (S 211,67,56) (S 189,56,42) (S 109,71,73) (D 0,1,20)
0 1 21 128 1136.00 7 (D 0,1,21) (S 36,12,16) (S 134,16,12) (S 133,12,11) (S 142,20,19) (S 108,71,72) (D 0,1,21)
0 1 22 122 918.00 6 (D 0,1,22) (S 97,60,61) (S 195,61,60) (S 72,41,42) (S 91,42,56) (D 0,1,22)
0 1 23 117 910.00 6 (D 0,1,23) (S 176,47,46) (S 187,50,19) (S 89,19,50) (S 48,22,75) (D 0,1,23)
0 1 24 123 1024.00 9 (D 0,1,24) (S 88,24,53) (S 51,25,75) (S 52,25,26) (S 54,26,27) (S 150,26,25) (S 55,26,28) (S 56,28,29) (D 0,1,24)
0 1 25 128 1006.00 6 (D 0,1,25) (S 118,76,77) (S 216,77,76) (S 44,19,20) (S 139,17,15) (D 0,1,25)
0 1 26 129 1013.00 8 (D 0,1,26) (S 50,24,25) (S 154,29,28) (S 153,28,26) (S 114,23,75) (S 146,75,22) (S 57,25,29) (D 0,1,26)
0 1 27 118 1028.00 6 (D 0,1,27) (S 165,39,37) (S 67,37,39) (S 1,32,32) (S 8,34,34) (D 0,1,27)
0 1 28 117 1056.00 6 (D 0,1,28) (S 144,21,19) (S 46,19,21) (S 148,25,24) (S 156,31,30) (D 0,1,28)
0 1 29 125 1285.00 5 (D 0,1,29) (S 204,69,4) (S 113,56,67) (S 58,30,31) (D 0,1,29)
0 1 30 120 1192.00 5 (D 0,1,30) (S 103,66,68) (S 201,68,66) (S 61,32,33) (D 0,1,30)
0 1 31 117 862.00 5 (D 0,1,31) (S 140,18,15) (S 42,15,18) (S 43,18,19) (D 0,1,31)
0 1 32 116 914.00 4 (D 0,1,32) (S 193,59,11) (S 22,72,72) (D 0,1,32)
0 1 33 118 1236.00 6 (D 0,1,33) (S 141,19,18) (S 111,73,74) (S 209,74,73) (S 155,29,25) (D 0,1,33)
0 1 34 105 1016.00 4 (D 0,1,34) (S 191,58,57) (S 64,33,36) (D 0,1,34)
0 1 35 108 993.00 4 (D 0,1,35) (S 172,44,43) (S 159,33,32) (D 0,1,35)
0 1 36 123 1165.00 5 (D 0,1,36) (S 59,23,31) (S 157,31,23) (S 62,32,34) (D 0,1,36)
0 1 37 105 1150.00 4 (D 0,1,37) (S 95,11,59) (S 162,36,33) (D 0,1,37)
0 1 38 122 1150.00 4 (D 0,1,38) (S 80,11,48) (S 160,34,32) (D 0,1,38)
0 1 39 79 643.00 3 (D 0,1,39) (S 178,48,11) (D 0,1,39)
0 1 40 78 624.00 3 (D 0,1,40) (S 93,57,58) (D 0,1,40)
0 1 41 78 638.00 3 (D 0,1,41) (S 74,43,44) (D 0,1,41)
0 1 42 116 1004.00 4 (D 0,1,42) (S 60,31,32) (S 158,32,31) (D 0,1,42)
0 1 43 112 1042.00 4 (D 0,1,43) (S 205,71,70) (S 107,70,71) (D 0,1,43)
0 1 44 75 902.00 3 (D 0,1,44) (S 163,37,33) (D 0,1,44)
0 1 45 92 878.00 3 (D 0,1,45) (S 112,18,72) (D 0,1,45)
0 1 46 86 906.00 3 (D 0,1,46) (S 161,35,32) (D 0,1,46)
0 1 47 75 902.00 3 (D 0,1,47) (S 65,33,37) (D 0,1,47)
0 1 48 92 878.00 3 (D 0,1,48) (S 210,72,18) (D 0,1,48)
0 1 49 86 906.00 3 (D 0,1,49) (S 63,32,35) (D 0,1,49)
