840.00
8
1200720
1200720
0 1 1 28 48.00 10 (D 0,1,1) (S 73,1,2) (S 63,2,1) (S 3,6,6) (S 71,6,2) (S 47,2,6) (S 0,3,3) (S 60,3,4) (S 1,4,4) (D 0,1,1)
0 1 2 60 123.00 14 (D 0,1,2) (S 56,1,40) (S 69,40,1) (S 24,36,36) (S 4,7,7) (S 39,3,7) (S 76,7,6) (S 41,1,6) (S 5,8,8) (S 65,9,10) (S 75,10,9) (S 78,9,8) (S 66,8,9) (D 0,1,2)
0 1 3 38 77.00 6 (D 0,1,3) (S 49,1,8) (S 9,14,14) (S 33,8,14) (S 6,10,10) (D 0,1,3)
0 1 4 63 176.00 13 (D 0,1,4) (S 67,2,3) (S 37,2,36) (S 20,31,31) (S 26,38,38) (S 25,37,37) (S 64,37,3) (S 51,30,31) (S 61,31,37) (S 46,37,30) (S 27,31,38) (S 77,38,39) (D 0,1,4)
0 1 5 65 113.00 9 (D 0,1,5) (S 48,35,34) (S 18,27,27) (S 30,27,34) (S 58,34,35) (S 23,35,35) (S 31,35,36) (S 35,29,36) (D 0,1,5)
0 1 6 25 53.00 5 (D 0,1,6) (S 42,29,30) (S 43,39,5) (S 2,5,5) (D 0,1,6)
0 1 7 62 152.00 8 (D 0,1,7) (S 32,33,34) (S 28,26,27) (S 70,26,33) (S 22,33,33) (S 38,26,34) (S 72,37,36) (D 0,1,7)
0 1 8 25 98.00 5 (D 0,1,8) (S 29,32,39) (S 59,39,38) (S 21,32,32) (D 0,1,8)
