308.00
10
146737
146737
0 1 1 3 13.00 5 (D 0,1,1) (S 13,1,12) (S 3,6,6) (S 8,6,12) (D 0,1,1)
0 1 2 2 27.00 4 (D 0,1,2) (S 5,9,9) (S 17,9,11) (D 0,1,2)
0 1 3 1 12.00 3 (D 0,1,3) (S 10,1,9) (D 0,1,3)
0 1 4 5 47.00 6 (D 0,1,4) (S 12,1,4) (S 1,3,3) (S 15,3,5) (S 2,5,5) (D 0,1,4)
0 1 5 1 20.00 3 (D 0,1,5) (S 6,10,10) (D 0,1,5)
0 1 6 1 20.00 3 (D 0,1,6) (S 11,1,10) (D 0,1,6)
0 1 7 3 33.00 5 (D 0,1,7) (S 18,1,7) (S 4,8,8) (S 19,8,10) (D 0,1,7)
0 1 8 1 28.00 3 (D 0,1,8) (S 9,7,8) (D 0,1,8)
0 1 9 1 50.00 3 (D 0,1,9) (S 14,5,6) (D 0,1,9)
0 1 10 1 58.00 3 (D 0,1,10) (S 7,3,4) (D 0,1,10)
