475.00
9
318478
318478
0 1 1 21 40.00 9 (D 0,1,1) (S 31,1,9) (S 30,9,11) (S 8,7,10) (S 12,1,7) (S 3,5,5) (S 21,5,8) (S 5,8,8) (D 0,1,1)
0 1 2 27 61.00 9 (D 0,1,2) (S 11,1,3) (S 25,3,5) (S 13,7,11) (S 18,1,4) (S 35,4,9) (S 16,1,11) (S 32,2,8) (D 0,1,2)
0 1 3 27 55.00 7 (D 0,1,3) (S 0,2,2) (S 14,2,11) (S 10,7,9) (S 9,9,10) (S 6,10,10) (D 0,1,3)
0 1 4 27 66.00 7 (D 0,1,4) (S 27,1,2) (S 34,2,3) (S 1,3,3) (S 24,6,9) (S 4,6,6) (D 0,1,4)
0 1 5 25 63.00 6 (D 0,1,5) (S 22,4,11) (S 7,6,7) (S 36,2,4) (S 15,4,5) (D 0,1,5)
0 1 6 23 37.00 4 (D 0,1,6) (S 2,4,4) (S 19,4,6) (D 0,1,6)
0 1 7 13 38.00 4 (D 0,1,7) (S 29,5,10) (S 17,6,8) (D 0,1,7)
0 1 8 25 63.00 5 (D 0,1,8) (S 20,3,11) (S 23,5,7) (S 28,3,9) (D 0,1,8)
0 1 9 17 52.00 4 (D 0,1,9) (S 26,5,11) (S 33,2,5) (D 0,1,9)
