452.00
8
154770
154770
0 1 1 4 19.00 5 (D 0,1,1) (S 14,1,2) (S 0,2,2) (S 4,9,9) (D 0,1,1)
0 1 2 1 16.00 3 (D 0,1,2) (S 17,2,9) (D 0,1,2)
0 1 3 2 25.00 4 (D 0,1,3) (S 7,1,4) (S 20,4,11) (D 0,1,3)
0 1 4 5 82.00 7 (D 0,1,4) (S 3,7,7) (S 5,12,12) (S 2,6,6) (S 15,6,7) (S 10,7,12) (D 0,1,4)
0 1 5 3 99.00 5 (D 0,1,5) (S 11,1,7) (S 9,5,6) (S 18,12,11) (D 0,1,5)
0 1 6 1 20.00 3 (D 0,1,6) (S 16,1,10) (D 0,1,6)
0 1 7 3 102.00 5 (D 0,1,7) (S 1,3,3) (S 8,3,4) (S 12,3,11) (D 0,1,7)
0 1 8 2 89.00 4 (D 0,1,8) (S 6,5,12) (S 13,5,11) (D 0,1,8)
