309.00
10
135633
135633
0 1 1 3 29.00 5 (D 0,1,1) (S 9,1,2) (S 7,2,9) (S 1,4,4) (D 0,1,1)
0 1 2 3 33.00 5 (D 0,1,2) (S 4,7,7) (S 16,7,8) (S 5,10,10) (D 0,1,2)
0 1 3 2 32.00 4 (D 0,1,3) (S 6,1,7) (S 10,8,10) (D 0,1,3)
0 1 4 1 20.00 3 (D 0,1,4) (S 17,1,10) (D 0,1,4)
0 1 5 1 23.00 3 (D 0,1,5) (S 13,2,4) (D 0,1,5)
0 1 6 1 30.00 3 (D 0,1,6) (S 12,9,11) (D 0,1,6)
0 1 7 4 40.00 5 (D 0,1,7) (S 0,3,3) (S 15,3,5) (S 2,5,5) (D 0,1,7)
0 1 8 1 32.00 3 (D 0,1,8) (S 8,9,10) (D 0,1,8)
0 1 9 1 32.00 3 (D 0,1,9) (S 11,2,3) (D 0,1,9)
0 1 10 1 38.00 3 (D 0,1,10) (S 14,8,11) (D 0,1,10)
