206.00
8
127322
127322
0 1 1 37 74.00 11 (D 0,1,1) (S 17,1,2) (S 6,2,3) (S 5,1,3) (S 1,3,3) (S 2,4,4) (S 10,4,5) (S 8,1,5) (S 18,3,4) (S 7,3,5) (D 0,1,1)
0 1 2 18 32.00 5 (D 0,1,2) (S 16,2,5) (S 3,6,6) (S 4,7,7) (D 0,1,2)
0 1 3 13 22.00 4 (D 0,1,3) (S 12,2,6) (S 9,6,7) (D 0,1,3)
0 1 4 7 11.00 3 (D 0,1,4) (S 19,3,7) (D 0,1,4)
0 1 5 17 25.00 4 (D 0,1,5) (S 0,2,2) (S 11,5,6) (D 0,1,5)
0 1 6 7 13.00 3 (D 0,1,6) (S 13,5,7) (D 0,1,6)
0 1 7 6 14.00 3 (D 0,1,7) (S 14,4,6) (D 0,1,7)
0 1 8 7 15.00 3 (D 0,1,8) (S 15,4,7) (D 0,1,8)
