796.00
7
516480
516480
0 1 1 40 102.00 10 (D 0,1,1) (S 42,1,3) (S 0,3,3) (S 23,3,9) (S 44,9,3) (S 28,3,1) (S 20,1,2) (S 17,2,4) (S 5,15,15) (D 0,1,1)
0 1 2 40 104.00 10 (D 0,1,2) (S 16,4,5) (S 25,5,11) (S 3,11,11) (S 19,11,15) (S 32,15,16) (S 38,17,13) (S 22,13,17) (S 36,16,15) (D 0,1,2)
0 1 3 38 143.00 9 (D 0,1,3) (S 9,20,20) (S 35,21,15) (S 47,11,5) (S 39,10,20) (S 34,20,10) (S 40,10,11) (S 15,16,17) (D 0,1,3)
0 1 4 38 107.00 6 (D 0,1,4) (S 41,9,19) (S 27,19,9) (S 14,9,10) (S 12,20,21) (D 0,1,4)
0 1 5 39 136.00 7 (D 0,1,5) (S 18,5,10) (S 31,21,24) (S 11,24,24) (S 43,24,21) (S 13,12,13) (D 0,1,5)
0 1 6 39 124.00 5 (D 0,1,6) (S 8,19,19) (S 6,17,17) (S 46,12,11) (D 0,1,6)
0 1 7 21 80.00 4 (D 0,1,7) (S 24,16,12) (S 4,12,12) (D 0,1,7)
