573.00
11
471921
471921
0 1 1 27 61.00 12 (D 0,1,1) (S 22,4,6) (S 4,6,6) (S 35,6,10) (S 8,10,10) (S 18,10,11) (S 26,4,5) (S 3,5,5) (S 15,5,7) (S 34,7,11) (S 37,1,8) (D 0,1,1)
0 1 2 27 60.00 10 (D 0,1,2) (S 40,1,4) (S 2,4,4) (S 20,4,9) (S 7,9,9) (S 30,3,5) (S 13,5,8) (S 39,8,11) (S 25,1,3) (D 0,1,2)
0 1 3 27 64.00 8 (D 0,1,3) (S 32,2,6) (S 27,6,9) (S 33,3,11) (S 17,1,2) (S 38,2,7) (S 43,1,6) (D 0,1,3)
0 1 4 26 75.00 7 (D 0,1,4) (S 6,8,8) (S 10,8,9) (S 36,9,10) (S 45,3,6) (S 19,5,6) (D 0,1,4)
0 1 5 27 36.00 5 (D 0,1,5) (S 12,1,11) (S 44,1,7) (S 5,7,7) (D 0,1,5)
0 1 6 25 50.00 5 (D 0,1,6) (S 21,2,11) (S 28,4,10) (S 31,1,5) (D 0,1,6)
0 1 7 26 70.00 6 (D 0,1,7) (S 41,4,7) (S 11,6,8) (S 24,6,7) (S 42,5,9) (D 0,1,7)
0 1 8 26 69.00 6 (D 0,1,8) (S 29,2,3) (S 23,3,8) (S 9,3,9) (S 16,2,10) (D 0,1,8)
0 1 9 18 40.00 4 (D 0,1,9) (S 46,4,11) (S 14,2,9) (D 0,1,9)
0 1 10 21 23.00 3 (D 0,1,10) (S 0,2,2) (D 0,1,10)
0 1 11 16 25.00 3 (D 0,1,11) (S 1,3,3) (D 0,1,11)
