441.00
16
365343
365343
0 1 1 14 43.00 9 (D 0,1,1) (S 33,1,5) (S 21,5,8) (S 5,7,7) (S 6,2,7) (S 29,2,8) (S 15,8,9) (S 32,9,11) (D 0,1,1)
0 1 2 9 18.00 4 (D 0,1,2) (S 36,1,9) (S 8,9,10) (D 0,1,2)
0 1 3 8 10.00 4 (D 0,1,3) (S 28,1,7) (S 19,7,11) (D 0,1,3)
0 1 4 9 17.00 5 (D 0,1,4) (S 23,1,3) (S 20,3,4) (S 18,4,9) (D 0,1,4)
0 1 5 11 29.00 5 (D 0,1,5) (S 7,1,4) (S 24,1,8) (S 31,6,9) (D 0,1,5)
0 1 6 8 21.00 4 (D 0,1,6) (S 3,5,5) (S 35,2,11) (D 0,1,6)
0 1 7 6 8.00 3 (D 0,1,7) (S 22,3,10) (D 0,1,7)
0 1 8 5 8.00 3 (D 0,1,8) (S 25,1,11) (D 0,1,8)
0 1 9 20 41.00 5 (D 0,1,9) (S 10,2,3) (S 1,3,3) (S 14,4,10) (D 0,1,9)
0 1 10 9 22.00 4 (D 0,1,10) (S 9,1,2) (S 26,7,9) (D 0,1,10)
0 1 11 9 12.00 3 (D 0,1,11) (S 30,1,10) (D 0,1,11)
0 1 12 25 69.00 6 (D 0,1,12) (S 11,4,8) (S 4,6,6) (S 12,6,8) (S 34,2,9) (D 0,1,12)
0 1 13 24 38.00 4 (D 0,1,13) (S 13,5,7) (S 0,2,2) (D 0,1,13)
0 1 14 15 38.00 4 (D 0,1,14) (S 37,4,7) (S 27,5,11) (D 0,1,14)
0 1 15 24 49.00 4 (D 0,1,15) (S 2,4,4) (S 17,4,6) (D 0,1,15)
0 1 16 9 18.00 3 (D 0,1,16) (S 16,3,11) (D 0,1,16)
