389.00
6
227056
227056
0 1 1 37 92.00 12 (D 0,1,1) (S 24,1,6) (S 9,8,9) (S 5,9,9) (S 22,4,6) (S 17,6,8) (S 2,4,4) (S 6,4,8) (S 4,7,7) (S 20,5,7) (S 19,5,6) (D 0,1,1)
0 1 2 36 103.00 11 (D 0,1,2) (S 27,1,7) (S 12,7,8) (S 13,4,9) (S 3,6,6) (S 16,6,7) (S 11,2,5) (S 15,2,9) (S 10,2,3) (S 26,3,8) (D 0,1,2)
0 1 3 35 124.00 8 (D 0,1,3) (S 29,1,4) (S 8,3,6) (S 14,3,4) (S 21,5,8) (S 18,2,6) (S 7,5,9) (D 0,1,3)
0 1 4 33 48.00 5 (D 0,1,4) (S 23,1,5) (S 0,2,2) (S 1,3,3) (D 0,1,4)
0 1 5 5 10.00 3 (D 0,1,5) (S 28,1,8) (D 0,1,5)
0 1 6 7 12.00 3 (D 0,1,6) (S 25,1,3) (D 0,1,6)
