498.00
10
547629
547629
0 1 1 5 16.00 4 (D 0,1,1) (S 16,1,24) (S 12,27,27) (D 0,1,1)
0 1 2 23 49.00 6 (D 0,1,2) (S 17,1,17) (S 21,1,15) (S 32,15,20) (S 9,20,20) (D 0,1,2)
0 1 3 13 30.00 6 (D 0,1,3) (S 19,3,6) (S 35,4,12) (S 27,12,19) (S 8,19,19) (D 0,1,3)
0 1 4 18 37.00 5 (D 0,1,4) (S 26,1,3) (S 4,8,8) (S 22,8,9) (D 0,1,4)
0 1 5 13 47.00 7 (D 0,1,5) (S 5,10,10) (S 18,4,10) (S 28,12,13) (S 15,13,14) (S 7,16,16) (D 0,1,5)
0 1 6 22 68.00 6 (D 0,1,6) (S 43,3,4) (S 40,2,1) (S 44,15,17) (S 29,24,27) (D 0,1,6)
0 1 7 26 57.00 5 (D 0,1,7) (S 13,3,8) (S 34,6,10) (S 0,4,4) (D 0,1,7)
0 1 8 26 60.00 5 (D 0,1,8) (S 2,6,6) (S 14,2,12) (S 24,14,16) (D 0,1,8)
0 1 9 16 76.00 4 (D 0,1,9) (S 31,13,15) (S 36,4,6) (D 0,1,9)
0 1 10 19 58.00 3 (D 0,1,10) (S 6,14,14) (D 0,1,10)
