1692.00
8
1394670
1394670
0 1 1 74 190.00 19 (D 0,1,1) (S 56,1,7) (S 4,7,7) (S 55,7,13) (S 67,13,7) (S 3,6,6) (S 73,6,7) (S 10,14,14) (S 23,14,15) (S 48,15,9) (S 6,9,9) (S 47,9,15) (S 72,21,20) (S 80,20,26) (S 14,26,26) (S 64,26,20) (S 83,20,14) (S 41,22,23) (D 0,1,1)
0 1 2 74 162.00 11 (D 0,1,2) (S 34,1,2) (S 0,2,2) (S 25,12,13) (S 31,13,14) (S 75,15,21) (S 84,21,15) (S 12,21,21) (S 40,21,22) (S 71,22,28) (D 0,1,2)
0 1 3 74 187.00 12 (D 0,1,3) (S 42,7,6) (S 37,6,12) (S 9,12,12) (S 26,13,19) (S 35,19,25) (S 62,25,30) (S 18,30,30) (S 17,29,29) (S 22,29,30) (S 74,31,32) (D 0,1,3)
0 1 4 74 214.00 14 (D 0,1,4) (S 69,19,20) (S 85,20,19) (S 11,19,19) (S 81,25,29) (S 49,29,25) (S 32,30,31) (S 15,27,27) (S 58,27,28) (S 82,28,34) (S 21,34,34) (S 13,24,24) (S 29,23,28) (D 0,1,4)
0 1 5 73 191.00 13 (D 0,1,5) (S 33,2,13) (S 39,23,24) (S 77,24,17) (S 7,10,10) (S 24,10,16) (S 27,16,17) (S 51,17,11) (S 65,11,5) (S 60,5,11) (S 8,11,11) (S 57,11,17) (D 0,1,5)
0 1 6 73 279.00 11 (D 0,1,6) (S 63,18,12) (S 28,15,22) (S 16,28,28) (S 59,28,27) (S 76,34,24) (S 79,17,24) (S 68,24,11) (S 66,11,10) (S 70,32,27) (D 0,1,6)
0 1 7 71 283.00 8 (D 0,1,7) (S 44,18,29) (S 19,32,32) (S 30,26,31) (S 36,25,26) (S 43,6,18) (S 61,16,15) (D 0,1,7)
0 1 8 59 186.00 7 (D 0,1,8) (S 38,4,10) (S 52,10,11) (S 53,5,4) (S 2,4,4) (S 78,16,23) (D 0,1,8)
