1926.00
7
254782
254782
0 1 1 34 101.00 6 (D 0,1,1) (S 7,1,6) (S 4,6,6) (S 11,1,9) (S 18,9,10) (D 0,1,1)
0 1 2 41 323.00 6 (D 0,1,2) (S 14,1,8) (S 13,8,9) (S 5,7,7) (S 16,7,8) (D 0,1,2)
0 1 3 14 90.00 3 (D 0,1,3) (S 15,7,10) (D 0,1,3)
0 1 4 41 427.00 6 (D 0,1,4) (S 10,5,9) (S 3,5,5) (S 23,3,6) (S 17,8,10) (D 0,1,4)
0 1 5 34 645.00 8 (D 0,1,5) (S 6,7,9) (S 20,2,3) (S 19,3,7) (S 9,2,5) (S 21,3,8) (S 8,5,7) (D 0,1,5)
0 1 6 16 165.00 3 (D 0,1,6) (S 1,3,3) (D 0,1,6)
0 1 7 26 175.00 3 (D 0,1,7) (S 0,2,2) (D 0,1,7)
