1703.00
7
2712724
2712724
0 1 1 59 93.00 16 (D 0,1,1) (S 7,12,12) (S 60,12,13) (S 8,13,13) (S 93,13,12) (S 69,12,6) (S 86,6,12) (S 92,12,11) (S 6,11,11) (S 105,11,12) (S 102,14,15) (S 4,9,9) (S 36,9,15) (S 57,9,10) (S 5,10,10) (D 0,1,1)
0 1 2 37 57.00 8 (D 0,1,2) (S 2,6,6) (S 3,8,8) (S 52,8,14) (S 104,14,22) (S 89,22,23) (S 15,23,23) (D 0,1,2)
0 1 3 135 277.00 23 (D 0,1,3) (S 51,1,6) (S 38,6,13) (S 59,13,14) (S 14,22,22) (S 81,22,14) (S 83,21,13) (S 1,5,5) (S 91,5,11) (S 123,1,5) (S 40,5,6) (S 94,2,7) (S 88,7,2) (S 113,7,8) (S 0,3,3) (S 32,3,9) (S 9,15,15) (S 90,7,13) (S 103,21,27) (S 115,30,26) (S 108,26,19) (S 12,19,19) (D 0,1,3)
0 1 4 63 124.00 12 (D 0,1,4) (S 45,1,2) (S 50,2,3) (S 13,20,20) (S 44,20,21) (S 19,30,30) (S 16,26,26) (S 42,26,29) (S 18,29,29) (S 58,26,18) (S 117,18,19) (D 0,1,4)
0 1 5 153 375.00 31 (D 0,1,5) (S 54,22,21) (S 110,27,21) (S 23,35,35) (S 62,35,27) (S 31,27,30) (S 53,27,35) (S 26,42,42) (S 80,42,36) (S 82,36,42) (S 33,41,48) (S 49,41,49) (S 74,41,35) (S 95,36,35) (S 111,29,33) (S 22,33,33) (S 106,33,40) (S 25,40,40) (S 35,40,47) (S 85,40,34) (S 56,34,35) (S 78,30,20) (S 126,20,30) (S 70,33,29) (S 73,40,33) (S 34,33,39) (S 119,39,29) (S 28,46,46) (S 107,34,26) (S 11,18,18) (D 0,1,5)
0 1 6 184 429.00 38 (D 0,1,6) (S 120,42,43) (S 47,43,45) (S 27,45,45) (S 30,50,50) (S 72,50,45) (S 77,45,50) (S 122,50,44) (S 61,44,50) (S 20,31,31) (S 64,37,43) (S 99,43,37) (S 21,32,32) (S 39,28,32) (S 98,32,37) (S 79,37,36) (S 65,42,41) (S 118,48,47) (S 46,33,46) (S 37,27,36) (S 55,43,42) (S 68,43,50) (S 75,37,32) (S 24,38,38) (S 84,38,45) (S 48,31,37) (S 114,37,38) (S 125,38,43) (S 17,28,28) (S 41,25,28) (S 71,32,24) (S 109,24,16) (S 97,16,24) (S 101,24,25) (S 43,32,38) (S 76,24,32) (S 66,24,23) (D 0,1,6)
0 1 7 70 348.00 12 (D 0,1,7) (S 29,49,49) (S 67,48,49) (S 116,44,49) (S 121,50,49) (S 87,31,27) (S 96,16,17) (S 10,17,17) (S 100,17,16) (S 124,16,9) (S 112,17,10) (D 0,1,7)
