172.00
9
163151
163151
0 1 1 14 20.00 6 (D 0,1,1) (S 15,1,3) (S 16,3,5) (S 10,5,7) (S 5,7,7) (D 0,1,1)
0 1 2 2 4.00 3 (D 0,1,2) (S 9,1,7) (D 0,1,2)
0 1 3 3 4.00 3 (D 0,1,3) (S 13,1,8) (D 0,1,3)
0 1 4 8 16.00 5 (D 0,1,4) (S 2,4,4) (S 8,4,6) (S 17,4,8) (D 0,1,4)
0 1 5 19 47.00 6 (D 0,1,5) (S 6,1,4) (S 7,1,5) (S 1,3,3) (S 12,3,6) (D 0,1,5)
0 1 6 8 16.00 3 (D 0,1,6) (S 18,6,8) (D 0,1,6)
0 1 7 8 17.00 3 (D 0,1,7) (S 11,3,7) (D 0,1,7)
0 1 8 13 23.00 3 (D 0,1,8) (S 4,6,6) (D 0,1,8)
0 1 9 15 25.00 3 (D 0,1,9) (S 3,5,5) (D 0,1,9)
