2085.00
31
1904585
1904585
0 1 1 47 76.00 10 (D 0,1,1) (S 44,12,13) (S 7,14,14) (S 48,14,15) (S 51,15,23) (S 9,31,31) (S 84,31,37) (S 108,43,45) (S 112,45,50) (D 0,1,1)
0 1 2 73 118.00 12 (D 0,1,2) (S 22,1,6) (S 32,6,12) (S 12,12,12) (S 45,12,20) (S 4,22,22) (S 64,22,23) (S 83,31,32) (S 19,38,38) (S 99,38,43) (S 14,43,43) (D 0,1,2)
0 1 3 38 93.00 8 (D 0,1,3) (S 5,5,5) (S 72,26,30) (S 17,41,41) (S 104,41,48) (S 115,48,49) (S 116,49,50) (D 0,1,3)
0 1 4 73 124.00 12 (D 0,1,4) (S 46,13,14) (S 50,15,16) (S 3,16,16) (S 53,16,24) (S 68,24,25) (S 78,28,32) (S 13,32,32) (S 85,32,37) (S 98,37,43) (S 109,43,50) (D 0,1,4)
0 1 5 33 68.00 8 (D 0,1,5) (S 33,6,13) (S 47,13,21) (S 82,30,34) (S 92,34,40) (S 102,40,47) (S 114,47,48) (D 0,1,5)
0 1 6 55 125.00 10 (D 0,1,6) (S 34,7,8) (S 15,8,8) (S 36,8,9) (S 6,10,10) (S 16,25,25) (S 70,25,28) (S 86,32,38) (S 100,38,45) (D 0,1,6)
0 1 7 23 44.00 6 (D 0,1,7) (S 10,11,11) (S 18,26,26) (S 71,26,29) (S 0,39,39) (D 0,1,7)
0 1 8 47 97.00 10 (D 0,1,8) (S 24,2,7) (S 35,7,13) (S 1,30,30) (S 91,34,35) (S 2,36,36) (S 107,42,44) (S 8,44,44) (S 110,44,49) (D 0,1,8)
0 1 9 33 77.00 6 (D 0,1,9) (S 31,6,7) (S 37,8,14) (S 67,23,31) (S 97,37,38) (D 0,1,9)
0 1 10 14 40.00 5 (D 0,1,10) (S 59,19,26) (S 101,40,41) (S 105,41,49) (D 0,1,10)
0 1 11 27 52.00 5 (D 0,1,11) (S 43,11,19) (S 11,29,29) (S 81,29,39) (D 0,1,11)
0 1 12 44 109.00 9 (D 0,1,12) (S 42,11,12) (S 60,20,21) (S 63,21,27) (S 74,27,30) (S 94,35,41) (S 103,41,42) (S 106,42,43) (D 0,1,12)
0 1 13 30 76.00 6 (D 0,1,13) (S 21,1,5) (S 29,5,11) (S 58,19,20) (S 95,36,37) (D 0,1,13)
0 1 14 23 67.00 6 (D 0,1,14) (S 55,18,19) (S 93,35,36) (S 96,36,42) (S 111,44,50) (D 0,1,14)
0 1 15 27 66.00 5 (D 0,1,15) (S 39,9,15) (S 66,23,24) (S 69,24,32) (D 0,1,15)
0 1 16 18 47.00 4 (D 0,1,16) (S 49,14,22) (S 65,22,31) (D 0,1,16)
0 1 17 20 63.00 4 (D 0,1,17) (S 62,21,22) (S 79,28,38) (D 0,1,17)
0 1 18 19 49.00 4 (D 0,1,18) (S 56,18,26) (S 73,26,34) (D 0,1,18)
0 1 19 25 75.00 5 (D 0,1,19) (S 40,9,16) (S 52,16,17) (S 54,17,25) (D 0,1,19)
0 1 20 36 98.00 6 (D 0,1,20) (S 23,2,3) (S 26,3,9) (S 38,9,10) (S 41,10,17) (D 0,1,20)
0 1 21 19 57.00 4 (D 0,1,21) (S 20,1,2) (S 27,4,10) (D 0,1,21)
0 1 22 9 33.00 3 (D 0,1,22) (S 76,27,35) (D 0,1,22)
0 1 23 7 33.00 3 (D 0,1,23) (S 89,33,40) (D 0,1,23)
0 1 24 14 48.00 4 (D 0,1,24) (S 80,29,33) (S 87,33,34) (D 0,1,24)
0 1 25 8 34.00 3 (D 0,1,25) (S 88,33,39) (D 0,1,25)
0 1 26 22 69.00 4 (D 0,1,26) (S 28,5,6) (S 61,20,30) (D 0,1,26)
0 1 27 17 63.00 4 (D 0,1,27) (S 57,18,29) (S 113,46,47) (D 0,1,27)
0 1 28 9 37.00 3 (D 0,1,28) (S 25,3,4) (D 0,1,28)
0 1 29 22 69.00 4 (D 0,1,29) (S 30,5,18) (S 90,33,46) (D 0,1,29)
0 1 30 12 38.00 3 (D 0,1,30) (S 75,27,31) (D 0,1,30)
0 1 31 12 40.00 3 (D 0,1,31) (S 77,27,36) (D 0,1,31)
