785.00
7
216509
216509
0 1 1 5 49.00 7 (D 0,1,1) (S 5,12,12) (S 26,12,6) (S 1,3,3) (S 3,2,2) (S 9,2,9) (D 0,1,1)
0 1 2 5 76.00 7 (D 0,1,2) (S 22,1,12) (S 6,7,7) (S 25,7,6) (S 24,5,3) (S 0,4,4) (D 0,1,2)
0 1 3 5 106.00 7 (D 0,1,3) (S 2,10,10) (S 4,11,11) (S 27,8,10) (S 17,10,11) (S 15,8,11) (D 0,1,3)
0 1 4 5 151.00 7 (D 0,1,4) (S 18,1,2) (S 8,2,4) (S 28,9,11) (S 10,5,6) (S 12,5,12) (D 0,1,4)
0 1 5 5 222.00 7 (D 0,1,5) (S 19,1,4) (S 16,9,10) (S 13,7,8) (S 14,7,12) (S 11,5,11) (D 0,1,5)
0 1 6 3 142.00 5 (D 0,1,6) (S 20,1,7) (S 23,3,4) (S 7,2,3) (D 0,1,6)
0 1 7 1 39.00 3 (D 0,1,7) (S 21,1,10) (D 0,1,7)
