652.00
12
1351508
1351508
0 1 1 65 146.00 23 (D 0,1,1) (S 45,1,2) (S 0,2,2) (S 60,2,6) (S 67,6,12) (S 54,12,6) (S 7,13,13) (S 2,7,7) (S 27,7,13) (S 70,3,4) (S 46,4,3) (S 34,3,7) (S 53,3,37) (S 78,37,38) (S 66,38,37) (S 20,37,37) (S 43,37,3) (S 33,4,38) (S 21,39,39) (S 58,39,38) (S 74,38,39) (S 80,36,37) (D 0,1,1)
0 1 2 5 9.00 3 (D 0,1,2) (S 22,40,40) (D 0,1,2)
0 1 3 5 9.00 3 (D 0,1,3) (S 71,1,40) (D 0,1,3)
0 1 4 57 119.00 9 (D 0,1,4) (S 61,6,7) (S 51,37,36) (S 1,6,6) (S 41,12,17) (S 75,17,13) (S 39,13,19) (S 63,2,3) (D 0,1,4)
0 1 5 40 85.00 8 (D 0,1,5) (S 3,8,8) (S 4,9,9) (S 76,9,8) (S 69,8,9) (S 8,14,14) (S 38,8,14) (D 0,1,5)
0 1 6 27 45.00 5 (D 0,1,6) (S 37,1,33) (S 17,33,33) (S 50,10,9) (D 0,1,6)
0 1 7 9 13.00 3 (D 0,1,7) (S 59,1,8) (D 0,1,7)
0 1 8 62 99.00 9 (D 0,1,8) (S 18,34,34) (S 62,27,28) (S 13,28,28) (S 56,28,27) (S 24,27,34) (S 23,26,27) (S 12,26,26) (D 0,1,8)
0 1 9 4 14.00 3 (D 0,1,9) (S 73,35,34) (D 0,1,9)
0 1 10 34 48.00 5 (D 0,1,10) (S 40,1,35) (S 19,35,35) (S 83,35,28) (D 0,1,10)
0 1 11 25 37.00 4 (D 0,1,11) (S 36,2,36) (S 6,12,12) (D 0,1,11)
0 1 12 12 28.00 3 (D 0,1,12) (S 30,1,10) (D 0,1,12)
