353.00
10
213367
213367
0 1 1 5 41.00 7 (D 0,1,1) (S 20,1,12) (S 2,6,6) (S 10,6,12) (S 3,7,7) (S 4,8,8) (D 0,1,1)
0 1 2 5 33.00 6 (D 0,1,2) (S 23,1,2) (S 0,2,2) (S 12,2,4) (S 16,4,13) (D 0,1,2)
0 1 3 1 18.00 3 (D 0,1,3) (S 13,1,4) (D 0,1,3)
0 1 4 1 20.00 3 (D 0,1,4) (S 6,10,10) (D 0,1,4)
0 1 5 1 20.00 3 (D 0,1,5) (S 21,1,10) (D 0,1,5)
0 1 6 2 46.00 4 (D 0,1,6) (S 11,5,6) (S 24,12,13) (D 0,1,6)
0 1 7 3 65.00 5 (D 0,1,7) (S 7,5,12) (S 19,7,8) (S 9,8,11) (D 0,1,7)
0 1 8 1 33.00 3 (D 0,1,8) (S 15,5,13) (D 0,1,8)
0 1 9 1 36.00 3 (D 0,1,9) (S 22,5,11) (D 0,1,9)
0 1 10 1 41.00 3 (D 0,1,10) (S 8,7,12) (D 0,1,10)
