1020.00
6
211970
211970
0 1 1 5 79.00 7 (D 0,1,1) (S 3,2,2) (S 0,11,11) (S 1,3,3) (S 13,3,5) (S 2,6,6) (D 0,1,1)
0 1 2 5 144.00 7 (D 0,1,2) (S 26,10,8) (S 23,8,10) (S 21,8,7) (S 8,12,1) (S 4,1,2) (D 0,1,2)
0 1 3 5 166.00 7 (D 0,1,3) (S 15,4,11) (S 20,6,12) (S 10,2,4) (S 16,5,6) (S 19,6,7) (D 0,1,3)
0 1 4 5 202.00 7 (D 0,1,4) (S 5,1,4) (S 17,11,5) (S 18,5,12) (S 25,12,11) (S 14,11,3) (D 0,1,4)
0 1 5 5 196.00 7 (D 0,1,5) (S 6,1,7) (S 22,7,12) (S 28,1,10) (S 11,9,2) (S 9,2,3) (D 0,1,5)
0 1 6 4 233.00 6 (D 0,1,6) (S 27,10,9) (S 24,9,10) (S 7,10,1) (S 12,3,4) (D 0,1,6)
