21377.00
13
5120939
5120939
0 1 1 304 1168.00 18 (D 0,1,1) (S 41,2,3) (S 92,3,2) (S 42,2,4) (S 93,4,2) (S 91,2,1) (S 40,1,2) (S 136,69,59) (S 85,59,69) (S 35,69,69) (S 23,58,58) (S 33,59,59) (S 5,45,45) (S 114,45,44) (S 70,50,52) (S 121,52,50) (S 140,51,21) (D 0,1,1)
0 1 2 299 1263.00 24 (D 0,1,2) (S 63,44,45) (S 64,44,46) (S 115,46,44) (S 67,47,49) (S 89,21,51) (S 120,51,49) (S 71,52,54) (S 122,54,52) (S 12,52,52) (S 0,54,54) (S 119,50,49) (S 68,49,50) (S 118,49,47) (S 66,47,48) (S 117,48,47) (S 69,49,51) (S 20,22,22) (S 105,22,21) (S 36,49,49) (S 8,50,50) (S 54,21,22) (S 39,19,19) (D 0,1,2)
0 1 3 305 1375.00 15 (D 0,1,3) (S 126,59,58) (S 75,58,59) (S 141,59,44) (S 90,44,59) (S 16,11,11) (S 29,12,12) (S 48,13,14) (S 99,14,13) (S 47,13,16) (S 98,16,13) (S 3,14,14) (S 15,13,13) (S 10,61,61) (D 0,1,3)
0 1 4 300 1750.00 13 (D 0,1,4) (S 43,4,5) (S 94,5,4) (S 135,69,58) (S 25,57,57) (S 124,57,42) (S 73,42,57) (S 84,58,69) (S 77,58,60) (S 79,60,62) (S 82,62,66) (S 88,20,76) (D 0,1,4)
0 1 5 299 1463.00 13 (D 0,1,5) (S 6,48,48) (S 116,47,46) (S 65,46,47) (S 55,22,75) (S 138,75,23) (S 1,23,23) (S 87,23,75) (S 106,75,22) (S 139,76,20) (S 103,20,19) (S 31,15,15) (D 0,1,5)
0 1 6 303 1586.00 13 (D 0,1,6) (S 13,63,63) (S 81,63,65) (S 37,65,65) (S 132,65,63) (S 131,63,62) (S 133,66,62) (S 130,62,60) (S 30,68,68) (S 134,68,66) (S 80,62,63) (S 46,12,16) (D 0,1,6)
0 1 7 302 1971.00 9 (D 0,1,7) (S 86,4,69) (S 128,60,58) (S 78,60,61) (S 129,61,60) (S 83,66,68) (S 27,43,43) (S 14,34,34) (D 0,1,7)
0 1 8 298 1946.00 10 (D 0,1,8) (S 45,11,12) (S 38,16,16) (S 97,16,12) (S 96,12,11) (S 76,11,59) (S 104,21,19) (S 52,19,20) (S 61,35,41) (D 0,1,8)
0 1 9 296 1720.00 8 (D 0,1,9) (S 137,69,4) (S 127,59,11) (S 53,19,21) (S 102,19,18) (S 101,18,15) (S 49,15,17) (D 0,1,9)
0 1 10 304 1798.00 7 (D 0,1,10) (S 125,58,57) (S 74,57,58) (S 113,44,43) (S 56,23,31) (S 58,32,33) (D 0,1,10)
0 1 11 291 2150.00 10 (D 0,1,11) (S 51,18,19) (S 100,17,15) (S 50,15,18) (S 107,31,23) (S 57,31,32) (S 109,33,32) (S 59,32,34) (S 112,41,35) (D 0,1,11)
0 1 12 302 2071.00 7 (D 0,1,12) (S 62,43,44) (S 22,41,41) (S 110,34,32) (S 108,32,31) (S 60,32,35) (D 0,1,12)
0 1 13 86 1116.00 3 (D 0,1,13) (S 111,35,32) (D 0,1,13)
