1366.00
7
1347945
1347945
0 1 1 150 362.00 38 (D 0,1,1) (S 61,1,5) (S 3,5,5) (S 51,5,1) (S 2,4,4) (S 4,6,6) (S 55,11,12) (S 5,7,7) (S 65,7,8) (S 49,8,13) (S 11,17,17) (S 48,17,18) (S 77,18,23) (S 75,23,30) (S 17,25,25) (S 14,22,22) (S 52,22,21) (S 13,21,21) (S 74,21,22) (S 72,29,25) (S 57,25,29) (S 80,25,22) (S 38,22,29) (S 20,29,29) (S 69,21,28) (S 16,24,24) (S 39,24,28) (S 54,28,24) (S 21,20,24) (S 44,28,21) (S 10,16,16) (S 40,16,20) (S 71,20,27) (S 18,27,27) (S 59,27,20) (S 79,20,21) (S 43,30,25) (D 0,1,1)
0 1 2 149 335.00 22 (D 0,1,2) (S 45,1,8) (S 82,8,1) (S 30,1,2) (S 0,2,2) (S 67,9,15) (S 9,15,15) (S 8,14,14) (S 46,13,8) (S 56,8,7) (S 25,7,12) (S 7,12,12) (S 66,8,5) (S 70,4,6) (S 36,6,11) (S 42,11,16) (S 58,16,11) (S 78,16,13) (S 31,13,14) (S 81,13,16) (S 27,16,21) (D 0,1,2)
0 1 3 11 30.00 4 (D 0,1,3) (S 60,9,10) (S 1,3,3) (D 0,1,3)
0 1 4 21 75.00 5 (D 0,1,4) (S 64,9,2) (S 29,4,5) (S 68,10,3) (D 0,1,4)
0 1 5 150 368.00 19 (D 0,1,5) (S 23,8,14) (S 28,14,15) (S 22,18,19) (S 41,18,17) (S 76,23,18) (S 53,30,23) (S 15,23,23) (S 37,26,30) (S 62,26,18) (S 63,18,26) (S 19,28,28) (S 12,20,20) (S 33,21,29) (S 34,22,23) (S 32,15,19) (S 26,13,17) (S 24,16,17) (D 0,1,5)
0 1 6 40 53.00 4 (D 0,1,6) (S 50,1,9) (S 6,10,10) (D 0,1,6)
0 1 7 45 143.00 5 (D 0,1,7) (S 35,8,9) (S 73,15,8) (S 47,28,27) (D 0,1,7)
