418.00
6
1083594
1083594
0 1 1 34 57.00 10 (D 0,1,1) (S 68,1,2) (S 50,2,1) (S 61,1,6) (S 27,6,12) (S 4,6,6) (S 58,6,1) (S 0,2,2) (S 18,29,29) (D 0,1,1)
0 1 2 79 153.00 13 (D 0,1,2) (S 6,10,10) (S 36,10,16) (S 9,15,15) (S 46,15,9) (S 63,9,10) (S 65,9,15) (S 35,15,16) (S 28,11,16) (S 7,11,11) (S 31,1,40) (S 52,36,29) (D 0,1,2)
0 1 3 19 43.00 6 (D 0,1,3) (S 42,12,13) (S 37,7,13) (S 69,7,6) (S 10,17,17) (D 0,1,3)
0 1 4 25 30.00 4 (D 0,1,4) (S 38,2,36) (S 23,36,36) (D 0,1,4)
0 1 5 13 49.00 4 (D 0,1,5) (S 47,12,11) (S 70,12,17) (D 0,1,5)
0 1 6 39 86.00 5 (D 0,1,6) (S 30,1,10) (S 43,13,12) (S 8,13,13) (D 0,1,6)
