4142.00
24
8208424
8208424
0 1 1 74 156.00 22 (D 0,1,1) (S 15,12,12) (S 23,20,20) (S 12,19,19) (S 3,11,11) (S 87,26,30) (S 184,30,26) (S 167,19,18) (S 70,18,19) (S 74,19,26) (S 86,26,29) (S 183,29,26) (S 97,30,34) (S 107,34,40) (S 117,40,47) (S 0,46,46) (S 214,47,40) (S 204,40,34) (S 194,34,30) (S 33,37,37) (S 24,43,43) (D 0,1,1)
0 1 2 75 131.00 16 (D 0,1,2) (S 59,12,13) (S 156,13,12) (S 20,16,16) (S 160,15,14) (S 17,14,14) (S 63,14,15) (S 66,15,23) (S 163,23,15) (S 1,8,8) (S 146,8,7) (S 136,7,2) (S 39,2,7) (S 49,7,8) (S 51,8,9) (D 0,1,2)
0 1 3 73 138.00 14 (D 0,1,3) (S 37,1,6) (S 47,6,12) (S 60,12,20) (S 157,20,12) (S 61,13,14) (S 158,14,13) (S 62,13,21) (S 26,22,22) (S 79,22,23) (S 27,31,31) (S 190,32,28) (S 93,28,32) (D 0,1,3)
0 1 4 74 144.00 13 (D 0,1,4) (S 134,6,1) (S 144,12,6) (S 154,12,11) (S 58,11,19) (S 171,26,19) (S 155,19,11) (S 57,11,12) (S 25,23,23) (S 176,23,22) (S 65,15,16) (S 148,9,8) (D 0,1,4)
0 1 5 75 164.00 12 (D 0,1,5) (S 13,6,6) (S 48,6,13) (S 145,13,6) (S 46,6,7) (S 50,7,13) (S 147,13,7) (S 52,8,14) (S 149,14,8) (S 54,9,15) (S 29,42,42) (D 0,1,5)
0 1 6 72 158.00 17 (D 0,1,6) (S 19,5,5) (S 44,5,11) (S 106,34,35) (S 119,41,48) (S 216,48,41) (S 120,41,49) (S 217,49,41) (S 122,42,44) (S 219,44,42) (S 110,36,37) (S 123,43,45) (S 220,45,43) (S 207,37,36) (S 111,36,42) (S 208,42,36) (D 0,1,6)
0 1 7 75 147.00 12 (D 0,1,7) (S 151,15,9) (S 6,9,9) (S 162,16,15) (S 99,31,37) (S 196,37,31) (S 98,31,32) (S 30,32,32) (S 195,32,31) (S 113,37,43) (S 203,35,34) (D 0,1,7)
0 1 8 72 152.00 13 (D 0,1,8) (S 159,21,13) (S 5,27,27) (S 89,27,30) (S 18,30,30) (S 116,40,41) (S 206,41,35) (S 109,35,41) (S 213,41,40) (S 4,33,33) (S 10,39,39) (S 200,39,33) (D 0,1,8)
0 1 9 75 149.00 11 (D 0,1,9) (S 75,20,21) (S 78,21,27) (S 175,27,21) (S 172,21,20) (S 170,20,19) (S 71,18,26) (S 168,26,18) (S 21,18,18) (S 186,30,27) (D 0,1,9)
0 1 10 73 153.00 10 (D 0,1,10) (S 36,1,5) (S 141,11,5) (S 2,26,26) (S 73,19,20) (S 108,35,36) (S 205,36,35) (S 31,35,35) (S 199,34,33) (D 0,1,10)
0 1 11 72 143.00 11 (D 0,1,11) (S 68,16,24) (S 83,24,25) (S 180,25,24) (S 14,24,24) (S 165,24,16) (S 85,25,28) (S 28,28,28) (S 182,28,25) (S 100,32,37) (D 0,1,11)
0 1 12 75 181.00 11 (D 0,1,12) (S 143,7,6) (S 11,3,3) (S 41,3,9) (S 138,9,3) (S 42,4,10) (S 139,10,4) (S 7,10,10) (S 34,17,17) (S 69,17,25) (D 0,1,12)
0 1 13 74 142.00 10 (D 0,1,13) (S 82,23,31) (S 197,37,32) (S 32,38,38) (S 114,38,43) (S 210,43,37) (S 22,36,36) (S 125,44,49) (S 9,49,49) (D 0,1,13)
0 1 14 71 174.00 12 (D 0,1,14) (S 201,40,33) (S 104,33,40) (S 129,47,48) (S 226,48,47) (S 225,47,46) (S 128,46,47) (S 16,48,48) (S 118,41,42) (S 215,42,41) (S 222,49,44) (D 0,1,14)
0 1 15 75 189.00 11 (D 0,1,15) (S 64,14,22) (S 161,22,14) (S 179,31,23) (S 81,23,24) (S 178,24,23) (S 127,45,50) (S 224,50,45) (S 211,43,38) (S 198,38,32) (D 0,1,15)
0 1 16 73 203.00 11 (D 0,1,16) (S 77,21,22) (S 174,22,21) (S 91,27,35) (S 102,33,34) (S 103,33,39) (S 193,39,29) (S 96,29,39) (S 192,33,29) (S 95,29,33) (D 0,1,16)
0 1 17 72 207.00 10 (D 0,1,17) (S 55,9,16) (S 152,16,9) (S 53,9,10) (S 137,4,3) (S 40,3,4) (S 56,10,17) (S 164,17,16) (S 67,16,17) (D 0,1,17)
0 1 18 75 193.00 10 (D 0,1,18) (S 72,18,29) (S 169,29,18) (S 88,26,34) (S 185,34,26) (S 8,44,44) (S 126,44,50) (S 223,50,44) (S 124,43,50) (D 0,1,18)
0 1 19 70 214.00 10 (D 0,1,19) (S 133,5,1) (S 38,2,3) (S 135,3,2) (S 80,22,31) (S 177,31,22) (S 218,43,42) (S 121,42,43) (S 221,50,43) (D 0,1,19)
0 1 20 69 193.00 9 (D 0,1,20) (S 140,6,5) (S 43,5,6) (S 84,24,32) (S 101,32,38) (S 191,38,28) (S 94,28,38) (S 115,38,45) (D 0,1,20)
0 1 21 75 216.00 9 (D 0,1,21) (S 35,1,2) (S 132,2,1) (S 188,35,27) (S 90,27,31) (S 181,32,24) (S 166,25,17) (S 150,10,9) (D 0,1,21)
0 1 22 70 209.00 9 (D 0,1,22) (S 76,20,30) (S 105,33,46) (S 202,46,33) (S 130,48,49) (S 227,49,48) (S 112,37,38) (S 209,38,37) (D 0,1,22)
0 1 23 72 212.00 8 (D 0,1,23) (S 45,5,18) (S 142,18,5) (S 173,30,20) (S 92,27,36) (S 189,36,27) (S 187,31,27) (D 0,1,23)
0 1 24 44 174.00 6 (D 0,1,24) (S 212,45,38) (S 228,50,49) (S 131,49,50) (S 153,17,10) (D 0,1,24)
