2718.00
7
4288632
4288632
0 1 1 198 382.00 42 (D 0,1,1) (S 17,2,2) (S 25,12,12) (S 114,12,6) (S 12,13,13) (S 115,13,7) (S 49,7,13) (S 21,3,3) (S 29,4,4) (S 42,3,7) (S 108,7,3) (S 24,37,37) (S 26,29,29) (S 23,35,35) (S 30,1,2) (S 96,2,1) (S 48,6,12) (S 9,6,6) (S 105,6,2) (S 39,2,6) (S 16,17,17) (S 126,17,13) (S 61,13,18) (S 8,18,18) (S 127,18,13) (S 60,13,17) (S 69,20,21) (S 71,21,22) (S 73,22,25) (S 139,25,22) (S 137,22,21) (S 135,21,20) (S 27,20,20) (S 11,25,25) (S 141,25,24) (S 75,24,25) (S 140,24,23) (S 74,23,24) (S 138,24,21) (S 72,21,24) (S 136,23,20) (D 0,1,1)
0 1 2 200 372.00 26 (D 0,1,2) (S 20,8,8) (S 5,10,10) (S 119,10,9) (S 53,9,10) (S 10,15,15) (S 120,15,9) (S 54,9,15) (S 64,15,16) (S 130,16,15) (S 129,15,14) (S 6,14,14) (S 63,14,15) (S 121,16,10) (S 55,10,16) (S 123,16,11) (S 13,11,11) (S 57,11,16) (S 31,1,6) (S 97,6,1) (S 15,34,34) (S 2,28,28) (S 145,28,27) (S 80,27,34) (S 19,32,32) (D 0,1,2)
0 1 3 199 388.00 29 (D 0,1,3) (S 41,3,4) (S 107,4,3) (S 45,4,38) (S 160,38,37) (S 94,37,38) (S 111,38,4) (S 44,4,5) (S 46,5,39) (S 28,39,39) (S 112,39,5) (S 1,5,5) (S 110,5,4) (S 4,7,7) (S 113,7,6) (S 47,6,7) (S 43,3,37) (S 151,37,30) (S 85,30,37) (S 109,37,3) (S 18,19,19) (S 131,18,17) (S 125,17,12) (S 59,12,17) (S 65,17,18) (S 0,22,22) (S 3,21,21) (S 70,20,23) (D 0,1,3)
0 1 4 195 335.00 21 (D 0,1,4) (S 32,1,8) (S 98,8,1) (S 35,1,33) (S 90,33,34) (S 156,34,33) (S 22,33,33) (S 101,33,1) (S 34,1,11) (S 100,11,1) (S 37,1,40) (S 103,40,1) (S 36,1,35) (S 102,35,1) (S 40,2,36) (S 149,36,29) (S 83,29,36) (S 106,36,2) (S 38,2,3) (S 104,3,2) (D 0,1,4)
0 1 5 195 408.00 20 (D 0,1,5) (S 52,8,40) (S 118,40,8) (S 50,8,9) (S 116,9,8) (S 51,8,14) (S 117,14,8) (S 146,34,27) (S 14,27,27) (S 142,27,26) (S 76,26,27) (S 79,27,28) (S 91,34,35) (S 157,35,34) (S 144,34,26) (S 77,26,33) (S 143,33,26) (S 78,26,34) (S 58,12,13) (D 0,1,5)
0 1 6 195 389.00 21 (D 0,1,6) (S 56,11,12) (S 122,12,11) (S 93,36,37) (S 153,37,31) (S 150,31,30) (S 7,30,30) (S 84,30,31) (S 87,31,37) (S 154,38,31) (S 88,31,38) (S 155,39,32) (S 89,32,39) (S 161,39,38) (S 95,38,39) (S 152,32,31) (S 148,30,29) (S 82,29,30) (S 159,37,36) (S 158,36,35) (D 0,1,6)
0 1 7 190 444.00 17 (D 0,1,7) (S 33,1,10) (S 99,10,1) (S 124,13,12) (S 66,17,20) (S 132,20,17) (S 62,13,19) (S 133,19,18) (S 67,18,19) (S 128,19,13) (S 68,18,22) (S 134,22,18) (S 86,31,32) (S 92,35,36) (S 147,35,28) (S 81,28,35) (D 0,1,7)
