832.00
6
1145126
1145126
0 1 1 83 169.00 18 (D 0,1,1) (S 0,3,3) (S 72,3,2) (S 47,2,3) (S 6,9,9) (S 10,14,14) (S 42,14,20) (S 60,20,21) (S 73,15,14) (S 5,8,8) (S 26,8,14) (S 35,13,12) (S 3,6,6) (S 57,6,12) (S 62,12,6) (S 55,6,7) (S 4,7,7) (D 0,1,1)
0 1 2 54 89.00 9 (D 0,1,2) (S 58,1,2) (S 40,3,9) (S 52,9,15) (S 11,15,15) (S 36,15,21) (S 68,21,22) (S 17,22,22) (D 0,1,2)
0 1 3 45 99.00 8 (D 0,1,3) (S 56,2,8) (S 9,13,13) (S 31,13,14) (S 43,21,15) (S 16,21,21) (S 67,15,22) (D 0,1,3)
0 1 4 128 279.00 15 (D 0,1,4) (S 33,3,10) (S 29,9,10) (S 7,10,10) (S 45,2,13) (S 53,13,2) (S 30,8,9) (S 15,20,20) (S 8,12,12) (S 14,19,19) (S 51,19,13) (S 44,18,19) (S 50,19,25) (S 61,25,29) (D 0,1,4)
0 1 5 22 68.00 4 (D 0,1,5) (S 34,18,29) (S 22,29,29) (D 0,1,5)
0 1 6 37 128.00 5 (D 0,1,6) (S 27,6,18) (S 64,19,20) (S 18,25,25) (D 0,1,6)
