81120.00
79
26988602
26988602
0 1 1 119 562.00 11 (D 0,1,1) (S 369,116,115) (S 179,115,116) (S 370,116,1) (S 180,1,116) (S 181,116,117) (S 373,117,2) (S 183,2,117) (S 191,121,122) (S 328,87,86) (D 0,1,1)
0 1 2 119 521.00 13 (D 0,1,2) (S 182,115,117) (S 371,117,116) (S 365,113,112) (S 175,112,113) (S 22,112,112) (S 172,110,111) (S 362,111,110) (S 361,110,107) (S 171,107,110) (S 173,110,112) (S 363,112,110) (D 0,1,2)
0 1 3 118 663.00 12 (D 0,1,3) (S 372,117,115) (S 367,114,113) (S 177,113,114) (S 364,112,107) (S 174,107,112) (S 355,105,104) (S 27,104,104) (S 165,104,105) (S 1,105,105) (S 349,101,94) (D 0,1,3)
0 1 4 119 562.00 10 (D 0,1,4) (S 186,119,120) (S 4,122,122) (S 381,122,121) (S 138,86,87) (S 14,87,87) (S 18,86,86) (S 192,87,122) (S 403,138,136) (D 0,1,4)
0 1 5 119 553.00 9 (D 0,1,5) (S 185,117,119) (S 376,120,119) (S 190,120,121) (S 380,121,120) (S 379,121,118) (S 189,118,121) (S 193,122,123) (D 0,1,5)
0 1 6 118 628.00 11 (D 0,1,6) (S 375,119,117) (S 332,91,90) (S 142,90,91) (S 25,90,90) (S 331,90,88) (S 141,88,90) (S 140,88,89) (S 145,89,92) (S 335,92,89) (D 0,1,6)
0 1 7 120 862.00 10 (D 0,1,7) (S 368,115,114) (S 356,106,105) (S 166,105,106) (S 159,94,101) (S 161,101,102) (S 351,102,101) (S 24,63,63) (S 285,56,55) (D 0,1,7)
0 1 8 119 646.00 11 (D 0,1,8) (S 382,122,87) (S 23,85,85) (S 326,85,84) (S 136,84,85) (S 324,84,82) (S 132,82,83) (S 322,83,82) (S 134,82,84) (S 130,80,81) (D 0,1,8)
0 1 9 120 695.00 13 (D 0,1,9) (S 383,123,122) (S 198,124,126) (S 388,126,124) (S 206,131,132) (S 396,132,131) (S 207,132,133) (S 397,133,132) (S 7,133,133) (S 208,133,134) (S 11,135,135) (S 398,134,133) (D 0,1,9)
0 1 10 120 812.00 8 (D 0,1,10) (S 168,107,108) (S 358,108,107) (S 357,107,106) (S 167,106,107) (S 295,63,62) (S 105,62,63) (D 0,1,10)
0 1 11 118 745.00 9 (D 0,1,11) (S 195,120,123) (S 213,136,138) (S 29,136,136) (S 405,138,125) (S 215,125,138) (S 210,134,135) (S 203,127,129) (D 0,1,11)
0 1 12 120 1116.00 10 (D 0,1,12) (S 178,114,115) (S 327,86,85) (S 137,85,86) (S 325,84,83) (S 319,81,79) (S 129,79,81) (S 274,46,43) (S 154,97,98) (D 0,1,12)
0 1 13 118 778.00 7 (D 0,1,13) (S 184,117,118) (S 378,118,91) (S 330,89,88) (S 321,82,80) (S 272,47,42) (D 0,1,13)
0 1 14 119 726.00 9 (D 0,1,14) (S 199,126,127) (S 393,129,127) (S 389,127,126) (S 205,126,131) (S 209,133,135) (S 400,135,134) (S 399,135,133) (D 0,1,14)
0 1 15 119 682.00 6 (D 0,1,15) (S 194,123,124) (S 384,124,123) (S 196,123,125) (S 212,136,137) (D 0,1,15)
0 1 16 118 750.00 13 (D 0,1,16) (S 163,91,103) (S 353,103,91) (S 112,67,69) (S 16,69,69) (S 302,69,67) (S 115,69,71) (S 305,71,69) (S 113,69,70) (S 303,70,69) (S 111,67,68) (S 301,68,67) (D 0,1,16)
0 1 17 120 883.00 11 (D 0,1,17) (S 385,123,120) (S 318,80,79) (S 128,79,80) (S 320,81,80) (S 131,80,82) (S 323,83,81) (S 317,79,78) (S 84,43,46) (S 82,42,47) (D 0,1,17)
0 1 18 119 812.00 9 (D 0,1,18) (S 354,104,102) (S 164,102,104) (S 158,94,100) (S 348,100,94) (S 340,94,93) (S 150,93,94) (S 106,63,64) (D 0,1,18)
0 1 19 120 754.00 7 (D 0,1,19) (S 366,113,103) (S 352,103,102) (S 296,64,63) (S 294,62,57) (S 114,70,71) (D 0,1,19)
0 1 20 118 883.00 8 (D 0,1,20) (S 139,86,88) (S 329,88,86) (S 135,83,84) (S 133,81,83) (S 127,78,79) (S 267,43,42) (D 0,1,20)
0 1 21 120 1152.00 7 (D 0,1,21) (S 188,91,118) (S 374,118,117) (S 200,127,128) (S 314,77,76) (S 67,35,36) (D 0,1,21)
0 1 22 120 1202.00 9 (D 0,1,22) (S 359,108,106) (S 169,106,108) (S 6,109,109) (S 152,95,96) (S 342,96,95) (S 344,98,97) (S 116,71,72) (D 0,1,22)
0 1 23 117 822.00 7 (D 0,1,23) (S 147,84,92) (S 336,92,82) (S 146,82,92) (S 337,92,84) (S 83,46,47) (D 0,1,23)
0 1 24 120 1033.00 8 (D 0,1,24) (S 386,125,123) (S 392,129,128) (S 390,128,127) (S 202,128,129) (S 316,78,77) (S 77,42,43) (D 0,1,24)
0 1 25 118 831.00 10 (D 0,1,25) (S 187,114,118) (S 304,71,70) (S 409,70,58) (S 219,58,70) (S 306,72,71) (S 309,74,73) (S 119,73,74) (S 124,76,77) (D 0,1,25)
0 1 26 119 941.00 7 (D 0,1,26) (S 395,131,126) (S 204,126,130) (S 394,130,126) (S 273,47,46) (S 125,46,77) (D 0,1,26)
0 1 27 120 1219.00 9 (D 0,1,27) (S 401,136,134) (S 211,134,136) (S 402,137,136) (S 126,77,78) (S 257,36,35) (S 71,38,39) (S 81,34,45) (D 0,1,27)
0 1 28 119 1057.00 9 (D 0,1,28) (S 176,103,113) (S 345,99,96) (S 155,96,99) (S 153,96,97) (S 343,97,96) (S 107,64,65) (S 95,55,56) (D 0,1,28)
0 1 29 118 990.00 6 (D 0,1,29) (S 377,118,114) (S 350,101,66) (S 160,66,101) (S 271,45,34) (D 0,1,29)
0 1 30 119 1181.00 11 (D 0,1,30) (S 315,77,46) (S 268,43,37) (S 17,35,35) (S 21,36,36) (S 261,39,38) (S 74,38,41) (S 264,41,38) (S 263,41,40) (S 248,29,28) (D 0,1,30)
0 1 31 118 1141.00 10 (D 0,1,31) (S 118,72,74) (S 308,74,72) (S 117,72,73) (S 307,73,72) (S 28,59,59) (S 99,59,60) (S 290,60,45) (S 58,28,29) (D 0,1,31)
0 1 32 120 864.00 5 (D 0,1,32) (S 9,81,81) (S 266,42,37) (S 277,49,48) (D 0,1,32)
0 1 33 118 1206.00 10 (D 0,1,33) (S 339,93,63) (S 104,57,62) (S 97,57,58) (S 287,58,57) (S 284,55,54) (S 94,54,55) (S 216,55,140) (S 59,28,30) (D 0,1,33)
0 1 34 118 1063.00 8 (D 0,1,34) (S 338,93,64) (S 297,65,64) (S 148,64,93) (S 149,63,93) (S 406,140,55) (S 88,48,50) (D 0,1,34)
0 1 35 118 887.00 7 (D 0,1,35) (S 5,46,46) (S 78,37,43) (S 76,37,42) (S 258,37,35) (S 73,40,41) (D 0,1,35)
0 1 36 120 1232.00 7 (D 0,1,36) (S 110,66,67) (S 300,67,66) (S 299,66,62) (S 281,53,52) (S 249,30,28) (D 0,1,36)
0 1 37 118 1067.00 6 (D 0,1,37) (S 162,102,103) (S 347,100,99) (S 157,99,100) (S 87,48,49) (D 0,1,37)
0 1 38 116 1145.00 6 (D 0,1,38) (S 404,138,131) (S 214,131,138) (S 80,44,45) (S 278,50,48) (D 0,1,38)
0 1 39 117 1243.00 8 (D 0,1,39) (S 313,76,74) (S 123,74,76) (S 259,37,36) (S 68,35,37) (S 69,36,37) (S 247,28,27) (D 0,1,39)
0 1 40 117 1381.00 7 (D 0,1,40) (S 391,128,3) (S 201,3,128) (S 270,45,44) (S 100,45,60) (S 42,13,17) (D 0,1,40)
0 1 41 116 955.00 7 (D 0,1,41) (S 121,71,75) (S 311,75,71) (S 293,61,49) (S 103,49,61) (S 289,60,59) (D 0,1,41)
0 1 42 118 980.00 5 (D 0,1,42) (S 334,91,66) (S 109,62,66) (S 91,52,53) (D 0,1,42)
0 1 43 120 954.00 5 (D 0,1,43) (S 333,90,68) (S 98,58,59) (S 275,139,33) (D 0,1,43)
0 1 44 118 1140.00 7 (D 0,1,44) (S 79,43,44) (S 269,44,43) (S 70,36,38) (S 72,39,40) (S 85,33,139) (D 0,1,44)
0 1 45 116 958.00 5 (D 0,1,45) (S 151,94,95) (S 346,99,97) (S 298,65,56) (D 0,1,45)
0 1 46 120 1292.00 6 (D 0,1,46) (S 387,124,4) (S 310,73,44) (S 12,28,28) (S 57,27,28) (D 0,1,46)
0 1 47 120 1292.00 9 (D 0,1,47) (S 217,54,140) (S 407,140,54) (S 280,52,51) (S 90,51,52) (S 92,53,140) (S 282,140,53) (S 37,12,13) (D 0,1,47)
0 1 48 116 1216.00 7 (D 0,1,48) (S 102,59,61) (S 93,49,140) (S 283,140,49) (S 292,61,59) (S 232,17,13) (D 0,1,48)
0 1 49 119 948.00 5 (D 0,1,49) (S 108,56,65) (S 96,56,57) (S 288,59,58) (D 0,1,49)
0 1 50 119 948.00 5 (D 0,1,50) (S 312,76,75) (S 122,75,76) (S 260,38,36) (D 0,1,50)
0 1 51 116 1114.00 5 (D 0,1,51) (S 156,97,99) (S 341,95,94) (S 89,50,51) (D 0,1,51)
0 1 52 114 1284.00 12 (D 0,1,52) (S 262,40,39) (S 20,11,11) (S 44,17,18) (S 45,18,19) (S 235,19,18) (S 234,18,17) (S 40,15,16) (S 230,16,15) (S 13,10,10) (S 224,10,9) (D 0,1,52)
0 1 53 117 1255.00 6 (D 0,1,53) (S 120,44,73) (S 101,60,61) (S 291,61,60) (S 19,6,6) (D 0,1,53)
0 1 54 115 1180.00 6 (D 0,1,54) (S 286,57,56) (S 279,51,50) (S 254,33,11) (S 43,13,16) (D 0,1,54)
0 1 55 112 1154.00 5 (D 0,1,55) (S 143,68,90) (S 0,27,27) (S 15,30,30) (D 0,1,55)
0 1 56 118 1053.00 4 (D 0,1,56) (S 144,66,91) (S 65,34,139) (D 0,1,56)
0 1 57 116 1375.00 6 (D 0,1,57) (S 197,4,124) (S 64,11,33) (S 227,13,12) (S 231,17,15) (D 0,1,57)
0 1 58 113 1367.00 4 (D 0,1,58) (S 170,108,109) (S 222,8,6) (D 0,1,58)
0 1 59 112 1045.00 7 (D 0,1,59) (S 36,11,12) (S 26,16,16) (S 233,16,13) (S 3,14,14) (S 228,14,13) (D 0,1,59)
0 1 60 111 1187.00 6 (D 0,1,60) (S 256,35,34) (S 32,6,8) (S 31,6,7) (S 221,7,6) (D 0,1,60)
0 1 61 120 1170.00 8 (D 0,1,61) (S 243,25,24) (S 53,24,25) (S 2,25,25) (S 56,25,27) (S 246,27,25) (S 49,20,22) (D 0,1,61)
0 1 62 119 1440.00 10 (D 0,1,62) (S 38,13,14) (S 41,15,17) (S 229,15,10) (S 39,10,15) (S 34,9,10) (S 46,10,19) (S 239,22,20) (S 10,21,21) (D 0,1,62)
0 1 63 118 1252.00 5 (D 0,1,63) (S 66,34,35) (S 226,12,11) (S 8,22,22) (D 0,1,63)
0 1 64 110 1279.00 5 (D 0,1,64) (S 86,48,139) (S 255,139,34) (S 251,31,26) (D 0,1,64)
0 1 65 117 1314.00 6 (D 0,1,65) (S 276,139,48) (S 62,30,32) (S 252,32,30) (S 61,26,31) (D 0,1,65)
0 1 66 120 1309.00 6 (D 0,1,66) (S 47,12,20) (S 51,20,24) (S 241,24,20) (S 55,23,26) (D 0,1,66)
0 1 67 113 1192.00 5 (D 0,1,67) (S 253,33,29) (S 245,26,23) (S 250,31,30) (D 0,1,67)
0 1 68 117 1272.00 6 (D 0,1,68) (S 220,6,5) (S 30,5,6) (S 33,8,9) (S 236,19,10) (D 0,1,68)
0 1 69 96 1032.00 4 (D 0,1,69) (S 225,11,8) (S 35,8,11) (D 0,1,69)
0 1 70 91 1107.00 4 (D 0,1,70) (S 218,11,27) (S 60,30,31) (D 0,1,70)
0 1 71 103 648.00 3 (D 0,1,71) (S 360,109,108) (D 0,1,71)
0 1 72 119 1424.00 5 (D 0,1,72) (S 237,20,12) (S 223,9,8) (S 54,25,26) (D 0,1,72)
0 1 73 99 844.00 3 (D 0,1,73) (S 265,47,41) (D 0,1,73)
0 1 74 102 1141.00 4 (D 0,1,74) (S 63,29,33) (S 408,27,11) (D 0,1,74)
0 1 75 113 1253.00 4 (D 0,1,75) (S 48,20,21) (S 50,21,23) (D 0,1,75)
0 1 76 99 844.00 3 (D 0,1,76) (S 75,41,47) (D 0,1,76)
0 1 77 104 1268.00 4 (D 0,1,77) (S 244,26,25) (S 242,24,23) (D 0,1,77)
0 1 78 113 1253.00 4 (D 0,1,78) (S 240,23,21) (S 238,21,20) (D 0,1,78)
0 1 79 56 1091.00 3 (D 0,1,79) (S 52,23,24) (D 0,1,79)
