444.00
10
1052165
1052165
0 1 1 5 9.00 3 (D 0,1,1) (S 28,40,40) (D 0,1,1)
0 1 2 5 9.00 3 (D 0,1,2) (S 47,1,40) (D 0,1,2)
0 1 3 14 23.00 4 (D 0,1,3) (S 5,8,8) (S 55,8,40) (D 0,1,3)
0 1 4 51 91.00 10 (D 0,1,4) (S 6,9,9) (S 56,9,8) (S 29,8,14) (S 41,14,15) (S 44,15,16) (S 66,16,15) (S 10,16,16) (S 59,15,9) (D 0,1,4)
0 1 5 9 13.00 3 (D 0,1,5) (S 43,1,8) (D 0,1,5)
0 1 6 3 13.00 3 (D 0,1,6) (S 73,10,9) (D 0,1,6)
0 1 7 54 100.00 11 (D 0,1,7) (S 0,2,2) (S 50,2,1) (S 23,35,35) (S 24,36,36) (S 51,2,6) (S 65,6,12) (S 61,12,11) (S 46,11,12) (S 8,12,12) (D 0,1,7)
0 1 8 34 52.00 5 (D 0,1,8) (S 35,1,35) (S 37,35,36) (S 1,3,3) (D 0,1,8)
0 1 9 21 55.00 4 (D 0,1,9) (S 31,1,10) (S 57,2,3) (D 0,1,9)
0 1 10 49 79.00 5 (D 0,1,10) (S 33,2,36) (S 4,6,6) (S 7,11,11) (D 0,1,10)
