657.00
11
146039
146039
0 1 1 14 33.00 4 (D 0,1,1) (S 3,5,5) (S 7,9,9) (D 0,1,1)
0 1 2 39 43.00 4 (D 0,1,2) (S 11,1,7) (S 5,7,7) (D 0,1,2)
0 1 3 17 36.00 4 (D 0,1,3) (S 9,1,5) (S 16,5,9) (D 0,1,3)
0 1 4 37 105.00 6 (D 0,1,4) (S 8,4,2) (S 2,4,4) (S 18,4,5) (S 15,5,7) (D 0,1,4)
0 1 5 16 27.00 3 (D 0,1,5) (S 12,1,9) (D 0,1,5)
0 1 6 31 59.00 4 (D 0,1,6) (S 0,2,2) (S 14,2,8) (D 0,1,6)
0 1 7 26 112.00 5 (D 0,1,7) (S 10,2,1) (S 4,6,6) (S 19,6,7) (D 0,1,7)
0 1 8 14 61.00 4 (D 0,1,8) (S 13,4,3) (S 17,3,6) (D 0,1,8)
0 1 9 27 55.00 3 (D 0,1,9) (S 6,8,8) (D 0,1,9)
0 1 10 5 61.00 3 (D 0,1,10) (S 20,3,7) (D 0,1,10)
0 1 11 19 65.00 3 (D 0,1,11) (S 1,3,3) (D 0,1,11)
