1555.00
10
2553273
2553273
0 1 1 70 151.00 22 (D 0,1,1) (S 1,9,9) (S 93,9,1) (S 60,1,9) (S 34,13,21) (S 7,21,21) (S 4,13,13) (S 51,21,26) (S 69,20,25) (S 74,25,33) (S 16,33,33) (S 25,41,42) (S 35,42,43) (S 58,43,44) (S 76,36,38) (S 59,38,36) (S 107,38,37) (S 95,37,38) (S 20,46,46) (S 23,50,50) (S 44,46,50) (D 0,1,1)
0 1 2 70 151.00 21 (D 0,1,2) (S 54,2,3) (S 113,3,2) (S 38,2,5) (S 61,5,6) (S 67,3,4) (S 120,4,3) (S 30,3,6) (S 0,6,6) (S 39,5,10) (S 55,10,11) (S 3,11,11) (S 65,18,19) (S 108,12,11) (S 43,17,18) (S 10,24,24) (S 53,15,23) (S 101,23,15) (S 9,23,23) (S 71,23,29) (D 0,1,2)
0 1 3 69 139.00 19 (D 0,1,3) (S 103,1,5) (S 80,5,1) (S 52,1,16) (S 105,16,15) (S 106,23,24) (S 14,29,29) (S 36,29,30) (S 15,30,30) (S 56,30,24) (S 66,24,29) (S 87,29,37) (S 114,37,29) (S 110,29,23) (S 28,15,24) (S 118,24,23) (S 5,15,15) (S 88,27,28) (D 0,1,3)
0 1 4 68 169.00 14 (D 0,1,4) (S 116,9,13) (S 48,20,21) (S 98,25,26) (S 82,25,20) (S 70,13,9) (S 85,13,8) (S 75,8,13) (S 11,26,26) (S 27,33,41) (S 83,34,35) (S 33,35,36) (S 99,28,27) (D 0,1,4)
0 1 5 68 145.00 15 (D 0,1,5) (S 6,17,17) (S 104,17,10) (S 45,11,18) (S 112,31,32) (S 37,32,40) (S 72,32,31) (S 94,31,39) (S 102,39,30) (S 97,30,17) (S 62,12,7) (S 117,7,12) (S 29,12,19) (S 100,19,32) (D 0,1,5)
0 1 6 68 186.00 14 (D 0,1,6) (S 64,16,1) (S 84,16,17) (S 46,14,23) (S 8,22,22) (S 73,22,14) (S 50,14,15) (S 57,15,16) (S 78,14,22) (S 32,22,23) (S 12,27,27) (S 13,28,28) (S 22,49,49) (D 0,1,6)
0 1 7 69 189.00 12 (D 0,1,7) (S 47,4,7) (S 63,39,31) (S 79,39,38) (S 41,38,46) (S 89,45,49) (S 68,49,45) (S 115,45,44) (S 18,44,44) (S 31,36,44) (S 90,49,48) (D 0,1,7)
0 1 8 70 181.00 10 (D 0,1,8) (S 2,10,10) (S 26,17,24) (S 96,28,22) (S 49,28,29) (S 109,35,43) (S 77,43,35) (S 92,43,48) (S 91,48,49) (D 0,1,8)
0 1 9 65 156.00 8 (D 0,1,9) (S 24,17,31) (S 81,32,19) (S 17,39,39) (S 42,45,50) (S 19,45,45) (S 86,48,43) (D 0,1,9)
0 1 10 20 88.00 4 (D 0,1,10) (S 111,8,9) (S 40,34,42) (D 0,1,10)
