443.00
10
146318
146318
0 1 1 1 5.00 3 (D 0,1,1) (S 20,1,12) (D 0,1,1)
0 1 2 4 59.00 6 (D 0,1,2) (S 17,1,9) (S 21,9,11) (S 2,6,6) (S 19,6,12) (D 0,1,2)
0 1 3 4 26.00 5 (D 0,1,3) (S 14,1,2) (S 0,2,2) (S 1,4,4) (D 0,1,3)
0 1 4 1 18.00 3 (D 0,1,4) (S 9,1,4) (D 0,1,4)
0 1 5 4 32.00 5 (D 0,1,5) (S 12,1,7) (S 3,7,7) (S 10,7,10) (D 0,1,5)
0 1 6 1 23.00 3 (D 0,1,6) (S 11,2,4) (D 0,1,6)
0 1 7 3 30.00 4 (D 0,1,7) (S 16,9,10) (S 5,10,10) (D 0,1,7)
0 1 8 4 70.00 5 (D 0,1,8) (S 8,5,6) (S 18,6,8) (S 4,8,8) (D 0,1,8)
0 1 9 2 68.00 4 (D 0,1,9) (S 7,3,5) (S 15,5,12) (D 0,1,9)
0 1 10 2 112.00 4 (D 0,1,10) (S 6,5,11) (S 13,3,4) (D 0,1,10)
