347.00
9
470174
470174
0 1 1 10 21.00 4 (D 0,1,1) (S 28,1,24) (S 30,24,27) (D 0,1,1)
0 1 2 7 8.00 3 (D 0,1,2) (S 38,1,19) (D 0,1,2)
0 1 3 4 11.00 3 (D 0,1,3) (S 32,1,27) (D 0,1,3)
0 1 4 27 52.00 7 (D 0,1,4) (S 20,1,15) (S 22,15,20) (S 12,20,20) (S 9,14,14) (S 13,21,21) (D 0,1,4)
0 1 5 15 26.00 4 (D 0,1,5) (S 42,15,17) (S 10,17,17) (D 0,1,5)
0 1 6 25 65.00 7 (D 0,1,6) (S 11,18,18) (S 16,18,21) (S 24,21,22) (S 14,22,22) (S 21,25,26) (D 0,1,6)
0 1 7 24 72.00 6 (D 0,1,7) (S 19,14,20) (S 40,14,18) (S 25,23,26) (S 43,26,27) (D 0,1,7)
0 1 8 15 52.00 4 (D 0,1,8) (S 26,21,23) (S 36,23,24) (D 0,1,8)
0 1 9 4 40.00 3 (D 0,1,9) (S 18,22,25) (D 0,1,9)
