1124.00
6
1575280
1575280
0 1 1 130 314.00 27 (D 0,1,1) (S 4,7,7) (S 66,7,1) (S 59,1,7) (S 8,13,13) (S 10,15,15) (S 46,15,14) (S 82,14,23) (S 16,24,24) (S 35,23,24) (S 40,23,14) (S 69,14,15) (S 9,14,14) (S 44,14,24) (S 88,24,14) (S 85,23,29) (S 47,29,23) (S 76,23,13) (S 65,13,23) (S 20,30,30) (S 48,30,29) (S 24,35,35) (S 81,35,36) (S 63,36,39) (S 50,34,35) (S 72,20,19) (D 0,1,1)
0 1 2 78 194.00 14 (D 0,1,2) (S 55,7,13) (S 53,13,14) (S 70,24,30) (S 21,31,31) (S 42,31,35) (S 26,39,39) (S 54,38,34) (S 23,34,34) (S 78,34,38) (S 30,38,39) (S 86,36,40) (S 37,40,41) (D 0,1,2)
0 1 3 70 170.00 12 (D 0,1,3) (S 62,29,34) (S 92,36,35) (S 22,32,32) (S 19,27,27) (S 29,21,27) (S 27,27,32) (S 84,32,31) (S 17,25,25) (S 71,25,26) (S 18,26,26) (D 0,1,3)
0 1 4 58 163.00 7 (D 0,1,4) (S 28,30,31) (S 38,25,31) (S 34,35,39) (S 51,36,32) (S 41,32,26) (D 0,1,4)
0 1 5 18 96.00 5 (D 0,1,5) (S 83,21,20) (S 13,19,19) (S 91,19,26) (D 0,1,5)
0 1 6 68 187.00 8 (D 0,1,6) (S 36,21,22) (S 15,22,22) (S 14,20,20) (S 89,20,21) (S 31,27,28) (S 61,25,15) (D 0,1,6)
