1162.00
8
2500403
2500403
0 1 1 70 154.00 26 (D 0,1,1) (S 0,2,2) (S 2,5,5) (S 43,5,10) (S 67,11,12) (S 8,12,12) (S 4,7,7) (S 104,4,3) (S 112,3,2) (S 40,2,5) (S 95,10,11) (S 14,18,18) (S 54,17,18) (S 18,24,24) (S 101,15,23) (S 17,23,23) (S 114,23,24) (S 62,24,30) (S 23,30,30) (S 29,38,38) (S 103,38,36) (S 115,36,38) (S 35,46,46) (S 38,50,50) (S 51,46,50) (D 0,1,1)
0 1 2 70 147.00 18 (D 0,1,2) (S 77,1,5) (S 75,5,1) (S 12,16,16) (S 89,16,15) (S 56,15,24) (S 109,24,29) (S 76,29,37) (S 105,37,38) (S 52,35,36) (S 28,35,35) (S 48,30,38) (S 98,23,29) (S 97,29,23) (S 60,23,28) (S 21,28,28) (S 93,11,6) (D 0,1,2)
0 1 3 69 159.00 14 (D 0,1,3) (S 88,1,16) (S 85,16,17) (S 69,17,10) (S 83,10,17) (S 81,12,7) (S 50,4,7) (S 1,3,3) (S 86,6,11) (S 92,6,5) (S 3,6,6) (S 49,11,18) (S 73,15,16) (D 0,1,3)
0 1 4 70 161.00 14 (D 0,1,4) (S 11,15,15) (S 22,29,29) (S 61,37,29) (S 44,28,36) (S 34,44,44) (S 80,44,43) (S 33,43,43) (S 108,43,44) (S 107,43,48) (S 37,49,49) (S 63,49,45) (S 110,45,49) (D 0,1,4)
0 1 5 69 146.00 11 (D 0,1,5) (S 7,10,10) (S 39,12,19) (S 24,31,31) (S 71,31,39) (S 99,39,30) (S 66,30,17) (S 58,17,24) (S 47,28,29) (S 46,38,46) (D 0,1,5)
0 1 6 67 164.00 11 (D 0,1,6) (S 41,32,40) (S 87,32,31) (S 90,39,31) (S 100,39,47) (S 36,47,47) (S 78,47,39) (S 30,39,39) (S 65,45,44) (S 53,36,44) (D 0,1,6)
0 1 7 65 180.00 9 (D 0,1,7) (S 25,32,32) (S 42,45,50) (S 64,49,48) (S 84,48,49) (S 91,48,43) (S 55,45,48) (S 13,17,17) (D 0,1,7)
0 1 8 8 51.00 3 (D 0,1,8) (S 94,19,32) (D 0,1,8)
