522.00
12
367716
367716
0 1 1 21 23.00 4 (D 0,1,1) (S 33,1,9) (S 7,9,9) (D 0,1,1)
0 1 2 24 66.00 12 (D 0,1,2) (S 3,5,5) (S 18,5,8) (S 10,1,8) (S 35,4,6) (S 26,6,11) (S 9,3,11) (S 21,3,7) (S 20,7,11) (S 28,3,6) (S 32,6,9) (D 0,1,2)
0 1 3 23 56.00 9 (D 0,1,3) (S 24,1,10) (S 30,4,5) (S 29,5,10) (S 27,10,11) (S 8,11,11) (S 38,7,10) (S 37,4,9) (D 0,1,3)
0 1 4 26 59.00 7 (D 0,1,4) (S 16,1,2) (S 11,2,3) (S 25,3,8) (S 36,1,3) (S 17,3,4) (D 0,1,4)
0 1 5 26 68.00 6 (D 0,1,5) (S 23,1,6) (S 19,6,7) (S 13,4,10) (S 15,5,6) (D 0,1,5)
0 1 6 27 47.00 5 (D 0,1,6) (S 34,1,7) (S 5,7,7) (S 31,5,9) (D 0,1,6)
0 1 7 23 55.00 5 (D 0,1,7) (S 22,1,5) (S 14,8,10) (S 12,2,5) (D 0,1,7)
0 1 8 15 30.00 3 (D 0,1,8) (S 4,6,6) (D 0,1,8)
0 1 9 17 19.00 3 (D 0,1,9) (S 6,8,8) (D 0,1,9)
0 1 10 15 27.00 3 (D 0,1,10) (S 1,3,3) (D 0,1,10)
0 1 11 24 36.00 3 (D 0,1,11) (S 0,2,2) (D 0,1,11)
0 1 12 25 36.00 3 (D 0,1,12) (S 2,4,4) (D 0,1,12)
