307.00
9
206662
206662
0 1 1 11 20.00 5 (D 0,1,1) (S 14,1,4) (S 15,7,9) (S 7,9,9) (D 0,1,1)
0 1 2 20 34.00 6 (D 0,1,2) (S 6,8,8) (S 8,6,8) (S 4,6,6) (S 5,7,7) (D 0,1,2)
0 1 3 8 32.00 5 (D 0,1,3) (S 21,1,8) (S 11,2,8) (S 13,2,9) (D 0,1,3)
0 1 4 14 22.00 4 (D 0,1,4) (S 10,1,3) (S 22,3,9) (D 0,1,4)
0 1 5 5 12.00 3 (D 0,1,5) (S 20,4,7) (D 0,1,5)
0 1 6 5 14.00 3 (D 0,1,6) (S 12,4,9) (D 0,1,6)
0 1 7 32 91.00 6 (D 0,1,7) (S 2,4,4) (S 9,3,4) (S 18,2,3) (S 24,6,7) (D 0,1,7)
0 1 8 20 54.00 4 (D 0,1,8) (S 17,2,6) (S 0,2,2) (D 0,1,8)
0 1 9 18 28.00 3 (D 0,1,9) (S 1,3,3) (D 0,1,9)
