741.00
9
495527
495526
0 1 1 27 58.00 11 (D 0,1,1) (S 3,6,6) (S 1,9,9) (S 33,9,4) (S 4,11,11) (S 19,2,7) (S 25,7,3) (S 7,3,1) (S 9,5,1) (S 11,1,7) (D 0,1,1)
0 1 2 27 65.00 10 (D 0,1,2) (S 13,1,9) (S 20,8,2) (S 37,8,5) (S 0,5,5) (S 2,8,8) (S 46,7,11) (S 8,4,1) (S 45,10,7) (D 0,1,2)
0 1 3 27 81.00 9 (D 0,1,3) (S 10,1,6) (S 42,6,9) (S 12,1,8) (S 17,2,4) (S 15,1,11) (S 22,11,2) (S 23,3,4) (D 0,1,3)
0 1 4 27 97.00 9 (D 0,1,4) (S 24,5,3) (S 27,10,3) (S 5,10,10) (S 43,10,6) (S 40,6,7) (S 16,3,2) (S 34,4,10) (D 0,1,4)
0 1 5 27 90.00 7 (D 0,1,5) (S 49,9,11) (S 35,11,4) (S 14,1,10) (S 44,7,9) (S 47,8,9) (D 0,1,5)
0 1 6 24 81.00 6 (D 0,1,6) (S 6,2,1) (S 32,8,4) (S 29,4,5) (S 38,5,10) (D 0,1,6)
0 1 7 26 103.00 6 (D 0,1,7) (S 21,2,9) (S 30,4,6) (S 31,4,7) (S 41,8,6) (D 0,1,7)
0 1 8 25 75.00 5 (D 0,1,8) (S 36,5,7) (S 39,11,5) (S 18,5,2) (D 0,1,8)
0 1 9 25 91.00 5 (D 0,1,9) (S 48,10,9) (S 28,3,11) (S 26,3,9) (D 0,1,9)
