1297.00
7
2239407
2239407
0 1 1 22 41.00 8 (D 0,1,1) (S 5,9,9) (S 6,10,10) (S 0,2,2) (S 95,2,3) (S 106,3,4) (S 2,4,4) (D 0,1,1)
0 1 2 60 116.00 19 (D 0,1,2) (S 91,15,23) (S 79,23,15) (S 11,15,15) (S 69,23,24) (S 17,24,24) (S 78,31,32) (S 54,32,40) (S 27,40,40) (S 74,32,31) (S 39,31,39) (S 86,39,40) (S 105,19,18) (S 72,18,19) (S 13,19,19) (S 90,18,17) (S 85,5,2) (S 1,3,3) (D 0,1,2)
0 1 3 137 273.00 32 (D 0,1,3) (S 66,1,15) (S 63,23,29) (S 109,29,24) (S 22,30,30) (S 38,30,38) (S 36,38,39) (S 101,30,39) (S 68,30,24) (S 40,5,10) (S 3,5,5) (S 62,5,1) (S 65,1,5) (S 61,1,9) (S 4,8,8) (S 56,8,9) (S 84,28,27) (S 87,27,26) (S 94,26,27) (S 19,27,27) (S 18,25,25) (S 46,25,26) (S 103,26,34) (S 23,34,34) (S 29,42,42) (S 98,42,34) (S 112,34,26) (S 80,25,20) (S 14,21,21) (S 76,21,26) (S 70,20,25) (D 0,1,3)
0 1 4 140 341.00 25 (D 0,1,4) (S 89,23,14) (S 47,14,15) (S 96,15,24) (S 73,17,30) (S 26,38,38) (S 59,40,47) (S 49,39,47) (S 37,17,24) (S 43,10,17) (S 20,28,28) (S 15,22,22) (S 9,13,13) (S 100,13,8) (S 42,23,28) (S 16,23,23) (S 21,29,29) (S 25,37,37) (S 31,44,44) (S 93,44,43) (S 114,43,44) (S 52,37,44) (S 33,49,49) (S 111,46,45) (D 0,1,4)
0 1 5 137 267.00 17 (D 0,1,5) (S 10,14,14) (S 55,15,16) (S 12,16,16) (S 60,29,37) (S 30,43,43) (S 34,50,50) (S 71,50,46) (S 67,45,46) (S 83,45,49) (S 64,49,50) (S 107,50,45) (S 32,45,45) (S 57,48,49) (S 45,43,48) (S 51,17,31) (D 0,1,5)
0 1 6 50 133.00 9 (D 0,1,6) (S 41,1,10) (S 110,28,29) (S 88,20,21) (S 50,33,34) (S 92,34,42) (S 28,41,41) (S 44,33,41) (D 0,1,6)
0 1 7 46 126.00 6 (D 0,1,7) (S 48,22,28) (S 35,13,22) (S 97,13,9) (S 53,19,32) (D 0,1,7)
