476.00
9
168528
168528
0 1 1 2 25.00 4 (D 0,1,1) (S 10,1,12) (S 7,12,11) (D 0,1,1)
0 1 2 2 17.00 4 (D 0,1,2) (S 0,2,2) (S 6,9,9) (D 0,1,2)
0 1 3 2 17.00 4 (D 0,1,3) (S 15,1,2) (S 17,2,9) (D 0,1,3)
0 1 4 4 129.00 6 (D 0,1,4) (S 2,4,4) (S 9,1,4) (S 8,1,10) (S 13,1,7) (D 0,1,4)
0 1 5 2 21.00 3 (D 0,1,5) (S 4,7,7) (D 0,1,5)
0 1 6 4 51.00 6 (D 0,1,6) (S 1,3,3) (S 18,3,5) (S 3,6,6) (S 12,6,7) (D 0,1,6)
0 1 7 2 45.00 4 (D 0,1,7) (S 20,2,3) (S 19,5,6) (D 0,1,7)
0 1 8 1 48.00 3 (D 0,1,8) (S 16,5,12) (D 0,1,8)
0 1 9 2 123.00 4 (D 0,1,9) (S 11,3,4) (S 14,5,11) (D 0,1,9)
