1204.00
8
876445
876445
0 1 1 65 187.00 17 (D 0,1,1) (S 0,2,2) (S 46,2,9) (S 63,9,15) (S 50,10,9) (S 54,9,10) (S 31,10,15) (S 44,14,17) (S 38,17,14) (S 15,25,25) (S 48,25,29) (S 36,29,22) (S 52,22,29) (S 32,22,25) (S 47,22,21) (S 60,21,29) (D 0,1,1)
0 1 2 65 153.00 9 (D 0,1,2) (S 21,1,2) (S 64,9,2) (S 49,3,2) (S 5,9,9) (S 29,15,19) (S 9,15,15) (S 58,7,4) (D 0,1,2)
0 1 3 64 207.00 9 (D 0,1,3) (S 27,10,19) (S 8,14,14) (S 11,18,18) (S 53,18,15) (S 33,17,22) (S 18,29,29) (S 3,7,7) (D 0,1,3)
0 1 4 56 155.00 11 (D 0,1,4) (S 26,3,10) (S 30,17,18) (S 45,13,8) (S 35,8,13) (S 51,13,16) (S 59,16,11) (S 55,11,12) (S 61,12,11) (S 39,11,16) (D 0,1,4)
0 1 5 65 193.00 9 (D 0,1,5) (S 34,14,15) (S 40,17,13) (S 43,8,14) (S 2,5,5) (S 28,5,8) (S 24,7,8) (S 7,12,12) (D 0,1,5)
0 1 6 35 107.00 4 (D 0,1,6) (S 13,21,21) (S 6,11,11) (D 0,1,6)
0 1 7 42 106.00 4 (D 0,1,7) (S 41,7,12) (S 10,16,16) (D 0,1,7)
0 1 8 49 96.00 4 (D 0,1,8) (S 4,8,8) (S 1,4,4) (D 0,1,8)
