1346.00
8
1132204
1132204
0 1 1 64 156.00 16 (D 0,1,1) (S 30,1,5) (S 66,2,3) (S 52,3,2) (S 51,2,9) (S 62,9,10) (S 55,10,9) (S 48,9,2) (S 0,3,3) (S 4,8,8) (S 42,7,4) (S 73,4,7) (S 45,7,6) (S 70,6,7) (S 69,8,13) (D 0,1,1)
0 1 2 65 166.00 10 (D 0,1,2) (S 34,1,2) (S 22,10,15) (S 57,15,9) (S 5,9,9) (S 1,4,4) (S 3,7,7) (S 6,11,11) (S 59,21,22) (D 0,1,2)
0 1 3 65 183.00 14 (D 0,1,3) (S 21,1,8) (S 64,13,8) (S 32,12,13) (S 44,12,11) (S 8,16,16) (S 50,16,12) (S 61,12,16) (S 54,16,13) (S 43,13,16) (S 28,16,21) (S 14,25,25) (S 65,25,29) (D 0,1,3)
0 1 4 64 165.00 8 (D 0,1,4) (S 25,5,8) (S 2,6,6) (S 19,7,8) (S 27,8,9) (S 26,10,19) (S 60,14,17) (D 0,1,4)
0 1 5 63 188.00 12 (D 0,1,5) (S 39,4,5) (S 53,11,16) (S 12,21,21) (S 63,22,29) (S 67,29,22) (S 29,22,25) (S 38,22,21) (S 24,21,28) (S 74,28,29) (S 58,29,21) (D 0,1,5)
0 1 6 61 176.00 9 (D 0,1,6) (S 37,14,13) (S 56,20,16) (S 31,17,22) (S 17,29,29) (S 49,21,29) (S 9,17,17) (S 47,17,13) (D 0,1,6)
0 1 7 62 171.00 9 (D 0,1,7) (S 71,14,8) (S 11,20,20) (S 18,20,27) (S 13,24,24) (S 36,24,27) (S 16,27,27) (S 20,16,17) (D 0,1,7)
0 1 8 50 141.00 5 (D 0,1,8) (S 7,15,15) (S 23,14,15) (S 33,11,20) (D 0,1,8)
