391.00
9
289494
289494
0 1 1 27 83.00 9 (D 0,1,1) (S 9,1,7) (S 27,7,10) (S 8,10,10) (S 16,6,9) (S 7,9,9) (S 10,6,10) (S 21,8,9) (D 0,1,1)
0 1 2 26 48.00 7 (D 0,1,2) (S 1,3,3) (S 3,5,5) (S 20,5,8) (S 6,8,8) (S 15,9,10) (D 0,1,2)
0 1 3 25 55.00 8 (D 0,1,3) (S 5,7,7) (S 12,3,7) (S 14,3,5) (S 18,3,4) (S 13,4,11) (S 25,1,4) (D 0,1,3)
0 1 4 26 49.00 6 (D 0,1,4) (S 11,1,11) (S 32,3,10) (S 4,6,6) (S 28,6,8) (D 0,1,4)
0 1 5 4 11.00 3 (D 0,1,5) (S 31,7,9) (D 0,1,5)
0 1 6 14 29.00 4 (D 0,1,6) (S 26,4,5) (S 29,5,10) (D 0,1,6)
0 1 7 16 37.00 4 (D 0,1,7) (S 17,5,7) (S 24,3,9) (D 0,1,7)
0 1 8 17 46.00 4 (D 0,1,8) (S 30,3,11) (S 23,5,11) (D 0,1,8)
0 1 9 25 33.00 3 (D 0,1,9) (S 2,4,4) (D 0,1,9)
