1538.00
13
2512836
2512836
0 1 1 61 89.00 16 (D 0,1,1) (S 96,12,13) (S 59,13,12) (S 9,13,13) (S 71,13,14) (S 115,14,15) (S 97,15,14) (S 57,14,13) (S 88,15,16) (S 103,16,15) (S 66,15,9) (S 102,9,15) (S 100,15,23) (S 49,23,31) (S 20,31,31) (D 0,1,1)
0 1 2 13 27.00 5 (D 0,1,2) (S 108,6,12) (S 12,22,22) (S 72,22,23) (D 0,1,2)
0 1 3 49 85.00 10 (D 0,1,3) (S 44,1,6) (S 54,6,13) (S 117,14,22) (S 68,22,14) (S 10,16,16) (S 1,3,3) (S 81,2,7) (S 4,7,7) (D 0,1,3)
0 1 4 20 42.00 9 (D 0,1,4) (S 91,5,11) (S 95,19,18) (S 99,18,19) (S 11,18,18) (S 18,29,29) (S 75,29,26) (S 19,30,30) (D 0,1,4)
0 1 5 49 135.00 11 (D 0,1,5) (S 0,2,2) (S 70,1,5) (S 74,11,12) (S 8,12,12) (S 60,9,3) (S 90,3,2) (S 113,19,20) (S 110,20,19) (S 78,26,30) (D 0,1,5)
0 1 6 60 113.00 12 (D 0,1,6) (S 114,11,5) (S 58,11,19) (S 98,26,29) (S 15,26,26) (S 92,26,19) (S 65,20,21) (S 112,21,13) (S 6,9,9) (S 55,9,10) (S 7,10,10) (D 0,1,6)
0 1 7 60 132.00 9 (D 0,1,7) (S 3,6,6) (S 106,22,21) (S 101,21,22) (S 32,16,17) (S 14,25,25) (S 45,17,25) (S 80,17,10) (D 0,1,7)
0 1 8 153 327.00 34 (D 0,1,8) (S 82,5,18) (S 56,18,5) (S 76,18,29) (S 73,26,34) (S 34,34,35) (S 25,36,36) (S 53,42,44) (S 62,44,42) (S 27,42,42) (S 29,44,44) (S 38,44,49) (S 43,41,48) (S 31,47,47) (S 52,47,48) (S 79,41,40) (S 84,40,47) (S 37,41,49) (S 85,40,41) (S 50,41,42) (S 46,33,40) (S 33,33,39) (S 69,39,29) (S 116,36,42) (S 87,49,48) (S 105,50,45) (S 28,43,43) (S 36,43,45) (S 83,45,50) (S 109,43,37) (S 89,37,43) (S 61,32,28) (S 17,28,28) (D 0,1,8)
0 1 9 37 97.00 7 (D 0,1,9) (S 47,1,2) (S 24,35,35) (S 40,35,36) (S 16,27,27) (S 94,27,30) (D 0,1,9)
0 1 10 12 35.00 3 (D 0,1,10) (S 86,20,30) (D 0,1,10)
0 1 11 59 216.00 8 (D 0,1,11) (S 23,34,34) (S 63,27,35) (S 93,27,21) (S 42,27,36) (S 111,49,50) (S 107,37,31) (D 0,1,11)
0 1 12 11 69.00 4 (D 0,1,12) (S 21,32,32) (S 104,32,31) (D 0,1,12)
0 1 13 69 171.00 9 (D 0,1,13) (S 22,33,33) (S 26,38,38) (S 48,38,43) (S 41,43,50) (S 35,32,37) (S 39,32,38) (S 51,38,45) (D 0,1,13)
