1466.00
6
1537077
1537077
0 1 1 129 303.00 30 (D 0,1,1) (S 0,2,2) (S 54,2,3) (S 1,3,3) (S 58,10,16) (S 89,16,10) (S 6,9,9) (S 27,9,10) (S 11,16,16) (S 45,15,14) (S 62,14,15) (S 10,15,15) (S 60,15,16) (S 52,16,15) (S 61,14,20) (S 66,20,14) (S 79,15,9) (S 49,9,3) (S 70,3,9) (S 5,8,8) (S 29,8,9) (S 7,11,11) (S 91,4,3) (S 26,3,10) (S 13,23,23) (S 25,22,23) (S 88,23,28) (S 20,34,34) (S 17,28,28) (D 0,1,1)
0 1 2 130 305.00 26 (D 0,1,2) (S 46,7,13) (S 9,13,13) (S 33,13,19) (S 57,19,13) (S 32,13,14) (S 72,15,21) (S 64,21,22) (S 67,22,28) (S 47,28,22) (S 55,22,21) (S 83,21,15) (S 12,20,20) (S 68,20,19) (S 81,19,25) (S 15,25,25) (S 38,25,30) (S 19,31,31) (S 63,31,32) (S 41,32,27) (S 35,27,32) (S 77,28,23) (S 22,28,34) (S 14,24,24) (S 74,24,23) (D 0,1,2)
0 1 3 125 321.00 19 (D 0,1,3) (S 36,1,7) (S 4,6,6) (S 53,6,1) (S 75,1,2) (S 39,2,13) (S 82,13,2) (S 23,4,10) (S 2,4,4) (S 37,4,11) (S 84,11,4) (S 30,10,11) (S 59,8,2) (S 90,19,20) (S 65,19,18) (S 76,12,13) (S 87,30,31) (S 78,31,26) (D 0,1,3)
0 1 4 77 169.00 12 (D 0,1,4) (S 86,7,6) (S 85,6,12) (S 8,12,12) (S 69,12,6) (S 71,6,7) (S 21,12,18) (S 42,18,19) (S 43,30,25) (S 40,25,26) (S 16,26,26) (D 0,1,4)
0 1 5 86 220.00 9 (D 0,1,5) (S 28,21,27) (S 44,27,28) (S 92,22,15) (S 48,16,23) (S 31,24,34) (S 51,18,29) (S 18,29,29) (D 0,1,5)
0 1 6 37 148.00 4 (D 0,1,6) (S 24,6,18) (S 56,11,24) (D 0,1,6)
