1265.00
8
1091137
1091137
0 1 1 6 13.00 3 (D 0,1,1) (S 0,3,3) (D 0,1,1)
0 1 2 56 111.00 15 (D 0,1,2) (S 5,9,9) (S 40,9,15) (S 61,15,9) (S 69,9,10) (S 53,10,9) (S 43,18,23) (S 13,23,23) (S 19,30,30) (S 48,30,23) (S 41,23,30) (S 15,26,26) (S 33,26,30) (S 26,23,26) (D 0,1,2)
0 1 3 15 22.00 4 (D 0,1,3) (S 29,1,2) (S 50,2,3) (D 0,1,3)
0 1 4 55 141.00 13 (D 0,1,4) (S 77,2,9) (S 25,15,18) (S 10,17,17) (S 54,17,18) (S 30,18,19) (S 76,18,17) (S 58,13,8) (S 2,5,5) (S 73,5,1) (S 28,10,15) (S 49,10,3) (D 0,1,4)
0 1 5 33 64.00 5 (D 0,1,5) (S 67,1,9) (S 31,15,19) (S 75,18,26) (D 0,1,5)
0 1 6 143 291.00 25 (D 0,1,6) (S 24,10,19) (S 34,13,14) (S 8,14,14) (S 37,16,20) (S 38,20,16) (S 23,20,24) (S 14,24,24) (S 55,20,27) (S 16,27,27) (S 52,27,20) (S 45,20,21) (S 11,21,21) (S 59,21,22) (S 63,22,17) (S 56,13,16) (S 6,11,11) (S 71,11,12) (S 7,12,12) (S 46,12,16) (S 60,16,11) (S 32,4,7) (S 64,7,6) (S 3,6,6) (D 0,1,6)
0 1 7 115 287.00 16 (D 0,1,7) (S 68,8,1) (S 62,8,5) (S 1,4,4) (S 74,7,8) (S 20,8,14) (S 35,13,17) (S 57,16,13) (S 21,16,21) (S 70,21,28) (S 17,28,28) (S 72,28,27) (S 9,16,16) (S 39,29,25) (S 51,25,30) (D 0,1,7)
0 1 8 143 336.00 13 (D 0,1,8) (S 65,15,8) (S 47,5,8) (S 22,4,5) (S 27,7,12) (S 66,25,29) (S 42,25,22) (S 12,22,22) (S 36,21,29) (S 18,29,29) (S 44,20,11) (S 4,8,8) (D 0,1,8)
