1519.00
7
2581699
2581699
0 1 1 108 210.00 24 (D 0,1,1) (S 5,18,18) (S 99,19,18) (S 115,18,26) (S 6,19,19) (S 9,26,26) (S 83,26,19) (S 80,29,26) (S 100,26,18) (S 17,40,40) (S 91,40,47) (S 70,47,40) (S 16,39,39) (S 82,33,34) (S 13,34,34) (S 109,34,30) (S 119,30,27) (S 118,27,30) (S 11,31,31) (S 51,31,27) (S 64,27,31) (S 45,23,31) (S 10,27,27) (D 0,1,1)
0 1 2 189 370.00 44 (D 0,1,2) (S 48,5,11) (S 1,12,12) (S 62,12,6) (S 94,6,12) (S 107,12,11) (S 60,11,12) (S 71,13,12) (S 0,6,6) (S 95,6,13) (S 2,13,13) (S 29,12,20) (S 77,20,19) (S 81,26,34) (S 120,34,40) (S 44,41,48) (S 73,41,40) (S 43,47,48) (S 18,41,41) (S 27,35,41) (S 92,42,44) (S 21,44,44) (S 38,44,49) (S 23,49,49) (S 22,45,45) (S 30,43,45) (S 20,43,43) (S 52,43,37) (S 122,37,43) (S 19,42,42) (S 93,42,43) (S 14,37,37) (S 84,32,28) (S 56,28,32) (S 40,32,37) (S 59,43,42) (S 35,44,50) (S 117,50,45) (S 88,32,24) (S 55,24,25) (S 33,25,28) (S 96,16,15) (S 114,15,14) (D 0,1,2)
0 1 3 28 53.00 8 (D 0,1,3) (S 98,2,7) (S 87,7,2) (S 46,7,8) (S 3,14,14) (S 79,14,22) (S 90,22,23) (D 0,1,3)
0 1 4 129 283.00 21 (D 0,1,4) (S 105,1,5) (S 89,11,5) (S 111,11,19) (S 101,29,39) (S 42,33,40) (S 47,33,39) (S 54,34,33) (S 75,33,29) (S 104,34,26) (S 66,18,5) (S 58,5,18) (S 110,18,29) (S 31,33,46) (S 26,46,47) (S 57,36,42) (S 12,32,32) (S 106,24,32) (S 4,15,15) (S 113,15,23) (D 0,1,4)
0 1 5 61 138.00 14 (D 0,1,5) (S 37,8,9) (S 108,9,15) (S 41,8,14) (S 103,9,3) (S 116,3,9) (S 63,9,10) (S 102,10,4) (S 50,4,10) (S 53,10,9) (S 28,9,16) (S 34,16,24) (S 86,24,23) (D 0,1,5)
0 1 6 37 90.00 8 (D 0,1,6) (S 68,7,13) (S 39,6,7) (S 78,2,3) (S 69,3,2) (S 8,22,22) (S 61,22,31) (D 0,1,6)
0 1 7 141 375.00 16 (D 0,1,7) (S 32,1,2) (S 97,6,5) (S 7,20,20) (S 36,35,36) (S 76,36,37) (S 74,28,38) (S 67,38,37) (S 25,16,17) (S 24,17,25) (S 121,17,10) (S 49,4,3) (S 15,38,38) (S 72,49,50) (S 85,35,27) (D 0,1,7)
