382.00
7
2049507
2049507
0 1 1 65 111.00 15 (D 0,1,1) (S 0,2,2) (S 52,2,5) (S 2,6,6) (S 96,6,5) (S 106,5,6) (S 77,11,12) (S 80,12,11) (S 11,18,18) (S 48,18,19) (S 12,19,19) (S 39,11,18) (S 49,6,11) (S 95,12,19) (D 0,1,1)
0 1 2 38 68.00 12 (D 0,1,2) (S 64,1,15) (S 8,15,15) (S 72,15,24) (S 21,30,30) (S 83,30,38) (S 29,38,38) (S 33,46,46) (S 60,38,30) (S 86,38,46) (S 59,46,38) (D 0,1,2)
0 1 3 28 52.00 8 (D 0,1,3) (S 102,15,14) (S 71,14,15) (S 66,15,16) (S 46,16,17) (S 67,17,24) (S 103,24,30) (D 0,1,3)
0 1 4 12 15.00 3 (D 0,1,4) (S 94,1,5) (D 0,1,4)
0 1 5 12 18.00 3 (D 0,1,5) (S 16,24,24) (D 0,1,5)
0 1 6 26 53.00 5 (D 0,1,6) (S 61,16,1) (S 9,16,16) (S 22,31,31) (D 0,1,6)
0 1 7 44 65.00 5 (D 0,1,7) (S 7,14,14) (S 10,17,17) (S 63,17,31) (D 0,1,7)
