1132.00
9
2185767
2185767
0 1 1 8 16.00 4 (D 0,1,1) (S 4,9,9) (S 3,8,8) (D 0,1,1)
0 1 2 13 31.00 7 (D 0,1,2) (S 63,1,15) (S 19,29,29) (S 82,29,24) (S 106,24,29) (S 18,27,27) (D 0,1,2)
0 1 3 12 20.00 4 (D 0,1,3) (S 50,1,9) (S 97,9,8) (D 0,1,3)
0 1 4 130 250.00 27 (D 0,1,4) (S 54,15,24) (S 81,17,18) (S 72,18,19) (S 6,11,11) (S 56,11,12) (S 43,10,11) (S 100,5,6) (S 77,3,2) (S 98,2,3) (S 0,2,2) (S 35,3,4) (S 68,4,7) (S 87,7,4) (S 2,7,7) (S 51,3,6) (S 31,6,11) (S 40,5,10) (S 10,17,17) (S 11,18,18) (S 12,19,19) (S 52,12,19) (S 1,6,6) (S 38,10,17) (S 73,30,29) (S 62,28,27) (D 0,1,4)
0 1 5 174 361.00 38 (D 0,1,5) (S 61,15,1) (S 71,23,24) (S 15,24,24) (S 27,14,23) (S 96,23,28) (S 89,36,38) (S 67,38,37) (S 49,37,44) (S 48,42,43) (S 28,41,42) (S 102,34,33) (S 74,33,34) (S 103,33,41) (S 57,41,33) (S 53,34,42) (S 25,43,43) (S 45,35,36) (S 94,35,34) (S 21,35,35) (S 22,36,36) (S 23,38,38) (S 37,46,50) (S 95,50,49) (S 93,49,50) (S 26,45,45) (S 79,45,50) (S 60,50,45) (S 66,45,49) (S 65,49,45) (S 76,45,44) (S 29,43,44) (S 14,21,21) (S 13,20,20) (S 88,20,21) (S 99,21,13) (S 80,22,21) (D 0,1,5)
0 1 6 51 105.00 11 (D 0,1,6) (S 33,14,15) (S 55,23,29) (S 84,29,37) (S 107,43,35) (S 92,28,22) (S 78,21,20) (S 104,21,26) (S 101,26,25) (S 16,25,25) (D 0,1,6)
0 1 7 96 196.00 14 (D 0,1,7) (S 8,15,15) (S 91,23,22) (S 86,22,28) (S 41,28,36) (S 47,38,46) (S 32,48,49) (S 83,45,48) (S 58,22,13) (S 108,13,22) (S 59,22,23) (S 39,14,22) (S 17,26,26) (D 0,1,7)
0 1 8 32 58.00 5 (D 0,1,8) (S 109,29,28) (S 7,13,13) (S 90,13,8) (D 0,1,8)
0 1 9 55 95.00 7 (D 0,1,9) (S 75,17,30) (S 20,30,30) (S 44,17,24) (S 5,10,10) (S 85,5,1) (D 0,1,9)
