173.00
11
231106
231106
0 1 1 4 8.00 4 (D 0,1,1) (S 1,3,3) (S 6,8,8) (D 0,1,1)
0 1 2 6 16.00 5 (D 0,1,2) (S 5,7,7) (S 9,7,11) (S 8,10,10) (D 0,1,2)
0 1 3 8 14.00 4 (D 0,1,3) (S 18,1,7) (S 24,7,8) (D 0,1,3)
0 1 4 1 6.00 3 (D 0,1,4) (S 21,3,10) (D 0,1,4)
0 1 5 13 25.00 5 (D 0,1,5) (S 3,5,5) (S 13,5,7) (S 16,7,10) (D 0,1,5)
0 1 6 20 24.00 5 (D 0,1,6) (S 10,1,2) (S 11,2,3) (S 20,2,8) (D 0,1,6)
0 1 7 5 7.00 3 (D 0,1,7) (S 22,1,8) (D 0,1,7)
0 1 8 8 9.00 3 (D 0,1,8) (S 17,1,11) (D 0,1,8)
0 1 9 8 20.00 4 (D 0,1,9) (S 14,1,3) (S 25,2,5) (D 0,1,9)
0 1 10 19 27.00 4 (D 0,1,10) (S 0,2,2) (S 27,3,11) (D 0,1,10)
0 1 11 9 17.00 3 (D 0,1,11) (S 26,3,5) (D 0,1,11)
