1812.00
10
1671103
1671103
0 1 1 75 229.00 29 (D 0,1,1) (S 0,2,2) (S 1,3,3) (S 19,3,9) (S 64,8,7) (S 37,7,8) (S 25,8,9) (S 24,4,5) (S 73,10,15) (S 6,15,15) (S 49,15,10) (S 22,11,17) (S 36,17,20) (S 10,20,20) (S 59,20,17) (S 8,17,17) (S 9,19,19) (S 41,19,16) (S 56,16,19) (S 7,16,16) (S 13,26,26) (S 54,26,25) (S 83,25,26) (S 14,27,27) (S 61,27,20) (S 76,20,19) (S 55,19,26) (S 63,27,33) (D 0,1,1)
0 1 2 61 108.00 11 (D 0,1,2) (S 51,1,2) (S 79,2,8) (S 88,7,1) (S 44,1,7) (S 85,3,4) (S 43,4,10) (S 31,10,11) (S 86,11,12) (S 4,12,12) (D 0,1,2)
0 1 3 20 47.00 4 (D 0,1,3) (S 2,9,9) (S 45,6,12) (D 0,1,3)
0 1 4 75 223.00 10 (D 0,1,4) (S 78,8,2) (S 94,4,3) (S 3,11,11) (S 34,11,5) (S 29,5,6) (S 23,20,21) (S 26,21,22) (S 67,33,27) (D 0,1,4)
0 1 5 69 232.00 15 (D 0,1,5) (S 52,35,34) (S 46,34,35) (S 95,35,36) (S 81,40,39) (S 66,39,38) (S 93,38,34) (S 48,34,38) (S 82,38,39) (S 17,39,39) (S 38,35,39) (S 18,41,41) (S 71,41,37) (S 77,37,41) (D 0,1,5)
0 1 6 30 92.00 6 (D 0,1,6) (S 27,25,31) (S 50,31,35) (S 40,40,41) (S 16,37,37) (D 0,1,6)
0 1 7 74 237.00 12 (D 0,1,7) (S 53,22,28) (S 57,28,22) (S 33,27,32) (S 89,32,26) (S 80,26,32) (S 75,32,36) (S 30,36,40) (S 15,36,36) (S 91,36,32) (S 92,31,32) (D 0,1,7)
0 1 8 72 180.00 11 (D 0,1,8) (S 28,15,25) (S 47,30,29) (S 68,29,30) (S 87,23,24) (S 12,24,24) (S 72,24,14) (S 5,14,14) (S 70,14,13) (S 11,23,23) (D 0,1,8)
0 1 9 75 258.00 10 (D 0,1,9) (S 32,16,17) (S 90,28,27) (S 39,27,26) (S 69,29,23) (S 60,23,14) (S 74,13,23) (S 65,23,29) (S 58,29,34) (D 0,1,9)
0 1 10 62 206.00 7 (D 0,1,10) (S 84,34,29) (S 20,24,30) (S 21,30,31) (S 42,13,14) (S 62,13,7) (D 0,1,10)
