49853.00
22
5062058
5062058
37 1 1 1649 3386.00 25 (D 37,1,1) (S 97,38,52) (S 160,66,65) (S 105,41,54) (S 140,55,67) (S 162,67,68) (S 104,41,40) (S 100,39,38) (S 98,39,22) (S 11,21,21) (S 63,20,19) (S 41,4,5) (S 44,6,20) (S 9,18,18) (S 56,16,1) (S 40,3,18) (S 58,17,16) (S 123,49,35) (S 92,35,34) (S 91,34,48) (S 124,49,50) (S 32,63,63) (S 152,62,61) (S 66,21,37) (D 37,1,1)
37 1 2 1593 2707.00 15 (D 37,1,2) (S 99,39,23) (S 70,23,39) (S 103,40,39) (S 60,19,4) (S 42,5,6) (S 3,6,6) (S 45,6,21) (S 17,37,37) (S 134,53,54) (S 138,54,65) (S 49,11,12) (S 7,14,14) (S 83,29,13) (D 37,1,2)
37 1 3 1619 2858.00 15 (D 37,1,3) (S 126,50,37) (S 96,37,38) (S 48,10,11) (S 51,12,28) (S 13,27,27) (S 77,26,25) (S 75,25,41) (S 46,8,9) (S 82,28,27) (S 80,27,26) (S 50,12,13) (S 55,15,31) (S 164,69,56) (D 37,1,3)
37 1 4 1634 2616.00 12 (D 37,1,4) (S 129,51,63) (S 146,60,48) (S 59,18,17) (S 1,2,2) (S 37,2,3) (S 39,3,4) (S 61,19,35) (S 90,34,18) (S 145,59,60) (S 127,50,51) (D 37,1,4)
37 1 5 1520 2166.00 9 (D 37,1,5) (S 26,51,51) (S 157,64,65) (S 139,54,66) (S 158,65,53) (S 156,63,64) (S 12,24,24) (S 5,8,8) (D 37,1,5)
37 1 6 1547 2298.00 9 (D 37,1,6) (S 128,51,37) (S 153,63,51) (S 155,63,62) (S 147,61,49) (S 93,36,20) (S 64,20,35) (S 89,33,34) (D 37,1,6)
37 1 7 1638 2546.00 9 (D 37,1,7) (S 106,41,55) (S 109,42,43) (S 165,69,68) (S 141,56,42) (S 21,42,42) (S 107,41,56) (S 36,1,2) (D 37,1,7)
37 1 8 1533 2086.00 8 (D 37,1,8) (S 136,54,41) (S 161,67,66) (S 159,65,54) (S 6,11,11) (S 14,28,28) (S 78,26,42) (D 37,1,8)
37 1 9 1460 1799.00 7 (D 37,1,9) (S 150,61,62) (S 151,62,50) (S 125,50,36) (S 62,20,5) (S 2,5,5) (D 37,1,9)
37 1 10 1360 1568.00 6 (D 37,1,10) (S 154,63,52) (S 18,39,39) (S 69,23,7) (S 4,7,7) (D 37,1,10)
37 1 11 1643 2300.00 8 (D 37,1,11) (S 102,40,24) (S 71,24,8) (S 47,9,10) (S 54,14,30) (S 85,30,29) (S 53,14,15) (D 37,1,11)
37 1 12 1632 2085.00 7 (D 37,1,12) (S 133,53,52) (S 131,52,53) (S 28,53,53) (S 137,54,55) (S 43,6,7) (D 37,1,12)
37 1 13 1623 2504.00 7 (D 37,1,13) (S 19,40,40) (S 72,24,9) (S 52,13,14) (S 15,30,30) (S 88,32,59) (D 37,1,13)
37 1 14 1638 2207.00 7 (D 37,1,14) (S 67,22,21) (S 65,21,20) (S 10,19,19) (S 121,48,34) (S 57,16,32) (D 37,1,14)
37 1 15 1383 1737.00 6 (D 37,1,15) (S 101,39,52) (S 135,54,40) (S 73,24,39) (S 68,22,23) (D 37,1,15)
37 1 16 1604 2241.00 7 (D 37,1,16) (S 130,52,51) (S 148,61,50) (S 94,36,35) (S 38,2,17) (S 87,32,33) (D 37,1,16)
37 1 17 1506 1824.00 6 (D 37,1,17) (S 20,41,41) (S 163,68,56) (S 108,42,41) (S 29,54,54) (D 37,1,17)
37 1 18 1625 1982.00 6 (D 37,1,18) (S 27,52,52) (S 132,53,39) (S 33,66,66) (S 95,36,37) (D 37,1,18)
37 1 19 1622 1965.00 6 (D 37,1,19) (S 31,62,62) (S 149,61,60) (S 122,48,49) (S 25,49,49) (D 37,1,19)
37 1 20 1445 2251.00 6 (D 37,1,20) (S 110,43,69) (S 34,68,68) (S 76,26,10) (S 79,27,11) (D 37,1,20)
37 1 21 1566 2889.00 6 (D 37,1,21) (S 81,27,43) (S 16,33,33) (S 0,1,1) (S 84,29,28) (D 37,1,21)
37 1 22 1207 1838.00 5 (D 37,1,22) (S 74,25,9) (S 8,15,15) (S 86,31,30) (D 37,1,22)
