1583.00
10
1355068
1355068
0 1 1 75 182.00 18 (D 0,1,1) (S 46,1,6) (S 81,6,1) (S 62,1,7) (S 2,7,7) (S 41,7,13) (S 36,12,13) (S 59,12,18) (S 7,18,18) (S 43,18,12) (S 30,12,19) (S 40,20,26) (S 67,26,20) (S 6,15,15) (S 29,14,15) (S 63,21,20) (S 14,32,32) (D 0,1,1)
0 1 2 65 137.00 15 (D 0,1,2) (S 52,6,7) (S 73,7,1) (S 20,6,12) (S 58,19,20) (S 78,20,14) (S 72,14,20) (S 33,26,27) (S 48,27,32) (S 61,32,31) (S 74,31,32) (S 15,33,33) (S 13,28,28) (S 60,28,34) (D 0,1,2)
0 1 3 75 184.00 12 (D 0,1,3) (S 24,1,2) (S 37,8,14) (S 51,15,21) (S 9,21,21) (S 76,20,19) (S 8,19,19) (S 3,9,9) (S 70,10,3) (S 42,3,4) (S 31,22,23) (D 0,1,3)
0 1 4 72 155.00 12 (D 0,1,4) (S 0,2,2) (S 57,2,8) (S 47,8,9) (S 27,9,10) (S 1,4,4) (S 34,4,10) (S 71,3,10) (S 21,10,16) (S 4,11,11) (S 83,11,17) (D 0,1,4)
0 1 5 71 182.00 10 (D 0,1,5) (S 49,6,18) (S 5,13,13) (S 10,23,23) (S 55,22,28) (S 26,28,33) (S 45,33,32) (S 44,32,33) (S 19,23,28) (D 0,1,5)
0 1 6 75 237.00 13 (D 0,1,6) (S 54,3,2) (S 38,10,11) (S 84,11,10) (S 22,3,9) (S 28,16,17) (S 75,17,11) (S 53,17,24) (S 11,24,24) (S 82,24,17) (S 80,16,15) (S 56,29,25) (D 0,1,6)
0 1 7 19 57.00 4 (D 0,1,7) (S 68,27,28) (S 16,34,34) (D 0,1,7)
0 1 8 43 85.00 5 (D 0,1,8) (S 32,26,31) (S 65,30,25) (S 12,25,25) (D 0,1,8)
0 1 9 72 265.00 9 (D 0,1,9) (S 35,21,27) (S 69,28,27) (S 25,30,31) (S 17,29,30) (S 79,29,18) (S 23,15,22) (S 77,16,23) (D 0,1,9)
0 1 10 32 99.00 5 (D 0,1,10) (S 18,4,11) (S 64,11,24) (S 39,24,34) (D 0,1,10)
