844.00
8
1153367
1153367
0 1 1 147 260.00 25 (D 0,1,1) (S 45,1,6) (S 29,6,12) (S 37,6,2) (S 0,2,2) (S 43,2,3) (S 1,3,3) (S 30,3,37) (S 32,37,38) (S 49,4,3) (S 63,3,2) (S 73,36,37) (S 67,37,31) (S 14,30,30) (S 54,29,36) (S 18,36,36) (S 19,37,37) (S 2,4,4) (S 31,4,38) (S 70,31,37) (S 15,31,31) (S 23,30,31) (S 74,30,29) (S 47,2,36) (D 0,1,1)
0 1 2 17 34.00 7 (D 0,1,2) (S 39,6,7) (S 33,7,13) (S 35,13,18) (S 66,22,25) (S 11,25,25) (D 0,1,2)
0 1 3 71 128.00 14 (D 0,1,3) (S 64,6,1) (S 36,1,8) (S 42,9,10) (S 50,10,9) (S 48,9,15) (S 7,15,15) (S 22,15,16) (S 59,15,14) (S 78,14,8) (S 58,8,14) (S 46,8,40) (S 20,40,40) (D 0,1,3)
0 1 4 57 91.00 8 (D 0,1,4) (S 56,7,6) (S 27,13,17) (S 53,13,12) (S 6,12,12) (S 62,1,11) (S 5,11,11) (D 0,1,4)
0 1 5 27 53.00 5 (D 0,1,5) (S 4,10,10) (S 21,1,35) (S 57,35,36) (D 0,1,5)
0 1 6 8 18.00 3 (D 0,1,6) (S 17,34,34) (D 0,1,6)
0 1 7 8 18.00 3 (D 0,1,7) (S 52,35,34) (D 0,1,7)
0 1 8 106 242.00 13 (D 0,1,8) (S 26,1,10) (S 65,8,9) (S 55,35,28) (S 41,28,27) (S 40,27,28) (S 13,27,27) (S 77,28,35) (S 28,17,18) (S 68,18,19) (S 25,13,19) (S 34,18,22) (D 0,1,8)
