1097.00
9
2214682
2214682
0 1 1 75 150.00 21 (D 0,1,1) (S 99,1,6) (S 78,6,1) (S 4,6,6) (S 102,6,13) (S 93,13,7) (S 87,7,8) (S 73,8,7) (S 92,8,9) (S 84,9,8) (S 5,8,8) (S 101,7,13) (S 104,13,6) (S 72,6,7) (S 88,7,6) (S 9,13,13) (S 46,13,14) (S 49,14,15) (S 26,31,31) (S 98,41,48) (D 0,1,1)
0 1 2 74 127.00 16 (D 0,1,2) (S 11,15,15) (S 61,15,16) (S 12,16,16) (S 85,16,9) (S 6,9,9) (S 68,9,16) (S 86,16,24) (S 21,25,25) (S 52,24,25) (S 70,24,23) (S 90,23,31) (S 31,36,36) (S 36,41,41) (S 35,40,40) (D 0,1,2)
0 1 3 74 139.00 13 (D 0,1,3) (S 10,14,14) (S 47,9,15) (S 1,3,3) (S 54,3,9) (S 20,24,24) (S 19,23,23) (S 83,37,43) (S 33,38,38) (S 24,28,28) (S 100,28,32) (S 107,38,28) (D 0,1,3)
0 1 4 74 172.00 15 (D 0,1,4) (S 56,5,6) (S 69,37,36) (S 30,35,35) (S 71,48,41) (S 43,48,48) (S 29,34,34) (S 60,34,40) (S 50,40,41) (S 42,47,47) (S 64,47,48) (S 41,46,46) (S 57,33,34) (S 28,33,33) (D 0,1,4)
0 1 5 37 101.00 7 (D 0,1,5) (S 81,31,37) (S 32,37,37) (S 74,35,41) (S 51,33,46) (S 59,29,33) (D 0,1,5)
0 1 6 66 127.00 9 (D 0,1,6) (S 109,31,23) (S 18,22,22) (S 17,21,21) (S 58,21,27) (S 48,27,35) (S 65,35,36) (S 23,27,27) (D 0,1,6)
0 1 7 10 43.00 4 (D 0,1,7) (S 80,31,22) (S 105,22,21) (D 0,1,7)
0 1 8 72 170.00 7 (D 0,1,8) (S 3,5,5) (S 66,2,3) (S 0,2,2) (S 53,38,43) (S 27,32,32) (D 0,1,8)
0 1 9 27 68.00 4 (D 0,1,9) (S 38,43,43) (S 79,32,38) (D 0,1,9)
