612.00
10
1444188
1444188
0 1 1 87 157.00 22 (D 0,1,1) (S 41,1,2) (S 75,2,6) (S 39,6,12) (S 70,12,13) (S 2,7,7) (S 36,7,13) (S 60,3,4) (S 72,4,3) (S 37,3,7) (S 29,4,38) (S 38,37,38) (S 48,37,30) (S 74,30,37) (S 25,37,37) (S 54,37,31) (S 45,31,37) (S 18,30,30) (S 52,29,36) (S 55,36,29) (S 24,36,36) (D 0,1,1)
0 1 2 30 49.00 6 (D 0,1,2) (S 4,9,9) (S 69,9,10) (S 34,10,16) (S 5,10,10) (D 0,1,2)
0 1 3 34 43.00 5 (D 0,1,3) (S 32,1,8) (S 3,8,8) (S 58,8,9) (D 0,1,3)
0 1 4 26 29.00 4 (D 0,1,4) (S 65,1,11) (S 6,11,11) (D 0,1,4)
0 1 5 8 18.00 3 (D 0,1,5) (S 9,17,17) (D 0,1,5)
0 1 6 5 18.00 3 (D 0,1,6) (S 43,12,11) (D 0,1,6)
0 1 7 8 18.00 3 (D 0,1,7) (S 57,12,17) (D 0,1,7)
0 1 8 56 103.00 10 (D 0,1,8) (S 1,6,6) (S 42,13,12) (S 7,13,13) (S 31,3,37) (S 68,5,39) (S 62,39,5) (S 50,39,32) (S 20,32,32) (D 0,1,8)
0 1 9 63 138.00 8 (D 0,1,9) (S 0,2,2) (S 47,3,2) (S 28,4,5) (S 26,39,39) (S 33,13,19) (S 59,30,29) (D 0,1,9)
0 1 10 15 39.00 3 (D 0,1,10) (S 19,31,31) (D 0,1,10)
