89879.00
39
5810418
5810418
0 1 1 1597 3269.00 20 (D 0,1,1) (S 7,10,10) (S 65,9,11) (S 6,9,9) (S 67,11,18) (S 22,27,27) (S 147,27,18) (S 28,34,34) (S 169,43,46) (S 47,53,53) (S 49,55,55) (S 48,54,54) (S 118,53,55) (S 52,58,58) (S 178,58,59) (S 172,49,58) (S 174,51,42) (S 27,33,33) (S 145,25,30) (D 0,1,1)
0 1 2 1556 3052.00 14 (D 0,1,2) (S 5,8,8) (S 131,12,19) (S 23,28,28) (S 38,44,44) (S 161,35,27) (S 96,36,45) (S 37,43,43) (S 99,39,40) (S 34,40,40) (S 100,40,41) (S 175,51,60) (S 54,60,60) (D 0,1,2)
0 1 3 1611 2878.00 12 (D 0,1,3) (S 124,3,2) (S 125,3,12) (S 9,12,12) (S 2,4,4) (S 3,5,5) (S 133,15,23) (S 139,23,15) (S 127,7,16) (S 4,6,6) (S 138,22,31) (D 0,1,3)
0 1 4 1518 2627.00 10 (D 0,1,4) (S 15,18,18) (S 24,29,29) (S 151,29,39) (S 25,31,31) (S 143,25,20) (S 152,30,29) (S 150,29,30) (S 167,41,50) (D 0,1,4)
0 1 5 1536 2583.00 9 (D 0,1,5) (S 135,17,11) (S 8,11,11) (S 76,18,26) (S 29,35,35) (S 103,43,44) (S 45,51,51) (S 44,50,50) (D 0,1,5)
0 1 6 1615 2388.00 8 (D 0,1,6) (S 14,17,17) (S 162,36,34) (S 46,52,52) (S 176,55,56) (S 50,56,56) (S 42,48,48) (D 0,1,6)
0 1 7 1597 2499.00 8 (D 0,1,7) (S 1,3,3) (S 10,13,13) (S 69,13,14) (S 140,23,24) (S 142,24,23) (S 159,33,32) (D 0,1,7)
0 1 8 1564 2195.00 7 (D 0,1,8) (S 129,10,17) (S 30,36,36) (S 106,45,52) (S 39,45,45) (S 117,52,54) (D 0,1,8)
0 1 9 1405 1869.00 6 (D 0,1,9) (S 128,8,10) (S 21,26,26) (S 146,26,27) (S 86,27,28) (D 0,1,9)
0 1 10 1397 2051.00 6 (D 0,1,10) (S 55,1,2) (S 123,2,3) (S 130,12,3) (S 19,22,22) (D 0,1,10)
0 1 11 1496 2370.00 7 (D 0,1,11) (S 136,18,19) (S 149,29,19) (S 16,19,19) (S 31,37,37) (S 165,39,29) (D 0,1,11)
0 1 12 1613 2790.00 8 (D 0,1,12) (S 160,34,36) (S 109,47,48) (S 171,48,39) (S 166,39,48) (S 173,50,41) (S 168,42,51) (D 0,1,12)
0 1 13 1609 2527.00 7 (D 0,1,13) (S 0,2,2) (S 63,6,15) (S 74,15,16) (S 134,16,24) (S 158,33,24) (D 0,1,13)
0 1 14 1491 2223.00 7 (D 0,1,14) (S 153,30,31) (S 155,31,32) (S 35,41,41) (S 26,32,32) (S 156,32,31) (D 0,1,14)
0 1 15 1587 2572.00 7 (D 0,1,15) (S 17,20,20) (S 144,25,21) (S 137,20,25) (S 157,32,33) (S 101,40,49) (D 0,1,15)
0 1 16 1602 2236.00 6 (D 0,1,16) (S 126,5,14) (S 132,14,5) (S 61,5,6) (S 12,15,15) (D 0,1,16)
0 1 17 1532 2217.00 6 (D 0,1,17) (S 57,2,9) (S 163,38,37) (S 97,37,43) (S 104,44,47) (D 0,1,17)
0 1 18 1583 2192.00 6 (D 0,1,18) (S 68,12,13) (S 18,21,21) (S 154,31,22) (S 11,14,14) (D 0,1,18)
0 1 19 1584 2279.00 6 (D 0,1,19) (S 60,4,13) (S 73,14,22) (S 79,20,21) (S 80,20,29) (D 0,1,19)
0 1 20 1434 2550.00 6 (D 0,1,20) (S 59,4,5) (S 13,16,16) (S 141,24,16) (S 179,59,58) (D 0,1,20)
0 1 21 1442 2208.00 6 (D 0,1,21) (S 148,27,26) (S 32,38,38) (S 98,38,44) (S 110,47,56) (D 0,1,21)
0 1 22 1616 2255.00 6 (D 0,1,22) (S 66,10,11) (S 78,19,28) (S 164,38,39) (S 33,39,39) (D 0,1,22)
0 1 23 1615 2622.00 6 (D 0,1,23) (S 56,1,8) (S 170,46,43) (S 40,46,46) (S 122,59,60) (D 0,1,23)
0 1 24 1567 2487.00 6 (D 0,1,24) (S 58,3,4) (S 71,13,20) (S 112,48,57) (S 121,57,58) (D 0,1,24)
0 1 25 1573 2372.00 6 (D 0,1,25) (S 105,45,46) (S 108,46,53) (S 177,56,55) (S 116,52,53) (D 0,1,25)
0 1 26 1315 2008.00 5 (D 0,1,26) (S 89,28,38) (S 41,47,47) (S 43,49,49) (D 0,1,26)
0 1 27 1419 2254.00 5 (D 0,1,27) (S 64,8,9) (S 88,28,37) (S 111,48,49) (D 0,1,27)
0 1 28 1348 2102.00 5 (D 0,1,28) (S 70,13,19) (S 82,22,23) (S 20,24,24) (D 0,1,28)
0 1 29 1548 2429.00 5 (D 0,1,29) (S 75,17,26) (S 95,36,37) (S 53,59,59) (D 0,1,29)
0 1 30 1374 2249.00 5 (D 0,1,30) (S 81,21,22) (S 36,42,42) (S 92,33,42) (D 0,1,30)
0 1 31 1402 2283.00 5 (D 0,1,31) (S 90,31,40) (S 115,50,59) (S 51,57,57) (D 0,1,31)
0 1 32 1551 2565.00 5 (D 0,1,32) (S 83,23,32) (S 91,32,41) (S 120,56,57) (D 0,1,32)
0 1 33 1298 1701.00 4 (D 0,1,33) (S 85,26,34) (S 93,34,35) (D 0,1,33)
0 1 34 1245 1823.00 4 (D 0,1,34) (S 94,35,37) (S 107,46,47) (D 0,1,34)
0 1 35 1170 1791.00 4 (D 0,1,35) (S 72,14,15) (S 62,6,7) (D 0,1,35)
0 1 36 1062 2037.00 4 (D 0,1,36) (S 119,54,55) (S 114,50,51) (D 0,1,36)
0 1 37 1214 1995.00 4 (D 0,1,37) (S 84,25,31) (S 113,49,50) (D 0,1,37)
0 1 38 1264 1848.00 4 (D 0,1,38) (S 87,28,29) (S 77,19,20) (D 0,1,38)
0 1 39 735 1483.00 3 (D 0,1,39) (S 102,41,42) (D 0,1,39)
