269.00
8
420797
420797
0 1 1 11 20.00 4 (D 0,1,1) (S 14,1,19) (S 27,1,27) (D 0,1,1)
0 1 2 21 51.00 6 (D 0,1,2) (S 2,6,6) (S 18,6,10) (S 37,10,11) (S 13,7,11) (D 0,1,2)
0 1 3 8 13.00 3 (D 0,1,3) (S 21,1,17) (D 0,1,3)
0 1 4 12 35.00 5 (D 0,1,4) (S 19,3,6) (S 36,6,8) (S 25,8,9) (D 0,1,4)
0 1 5 15 34.00 5 (D 0,1,5) (S 30,1,3) (S 1,4,4) (S 29,5,9) (D 0,1,5)
0 1 6 22 40.00 5 (D 0,1,6) (S 26,3,4) (S 39,4,5) (S 28,5,6) (D 0,1,6)
0 1 7 17 46.00 4 (D 0,1,7) (S 16,3,8) (S 23,6,9) (D 0,1,7)
0 1 8 9 30.00 3 (D 0,1,8) (S 33,4,6) (D 0,1,8)
