46170.00
25
1849408
1849408
0 1 1 1418 3085.00 20 (D 0,1,1) (S 23,11,18) (S 33,18,19) (S 89,20,21) (S 90,21,22) (S 66,37,38) (S 84,52,53) (S 46,26,27) (S 29,15,16) (S 20,9,16) (S 9,50,50) (S 97,50,49) (S 64,36,48) (S 62,35,36) (S 4,32,32) (S 5,33,33) (S 79,44,45) (S 80,46,47) (S 70,38,51) (D 0,1,1)
0 1 2 1378 2095.00 9 (D 0,1,2) (S 26,12,19) (S 34,19,20) (S 38,21,34) (S 94,46,45) (S 58,33,34) (S 6,35,35) (S 69,38,50) (D 0,1,2)
0 1 3 1411 1839.00 8 (D 0,1,3) (S 10,1,10) (S 52,29,42) (S 1,17,17) (S 31,17,18) (S 35,19,31) (S 87,11,2) (D 0,1,3)
0 1 4 1258 1965.00 7 (D 0,1,4) (S 12,2,3) (S 14,3,12) (S 88,12,11) (S 91,25,24) (S 82,50,51) (D 0,1,4)
0 1 5 1415 1966.00 7 (D 0,1,5) (S 3,29,29) (S 53,30,31) (S 78,43,44) (S 95,47,48) (S 81,48,49) (D 0,1,5)
0 1 6 1472 2174.00 8 (D 0,1,6) (S 15,4,5) (S 96,49,50) (S 75,40,53) (S 74,40,52) (S 93,40,26) (S 86,9,8) (D 0,1,6)
0 1 7 1447 2036.00 7 (D 0,1,7) (S 25,12,13) (S 60,34,35) (S 92,35,22) (S 43,24,37) (S 67,37,49) (D 0,1,7)
0 1 8 1345 1980.00 6 (D 0,1,8) (S 54,30,43) (S 77,42,43) (S 61,34,46) (S 7,39,39) (D 0,1,8)
0 1 9 1449 2089.00 6 (D 0,1,9) (S 37,20,33) (S 59,33,45) (S 8,45,45) (S 19,7,25) (D 0,1,9)
0 1 10 667 938.00 4 (D 0,1,10) (S 16,5,6) (S 85,7,8) (D 0,1,10)
0 1 11 1363 2003.00 6 (D 0,1,11) (S 41,23,24) (S 44,24,38) (S 71,39,40) (S 50,28,41) (D 0,1,11)
0 1 12 1257 1772.00 5 (D 0,1,12) (S 55,31,44) (S 57,32,44) (S 39,22,23) (D 0,1,12)
0 1 13 1204 1779.00 5 (D 0,1,13) (S 17,5,14) (S 2,25,25) (S 72,39,51) (D 0,1,13)
0 1 14 1339 2006.00 5 (D 0,1,14) (S 11,1,11) (S 27,13,20) (S 48,27,28) (D 0,1,14)
0 1 15 1473 2204.00 5 (D 0,1,15) (S 22,10,17) (S 51,29,30) (S 30,16,28) (D 0,1,15)
0 1 16 1360 2030.00 5 (D 0,1,16) (S 24,11,19) (S 76,41,53) (S 49,27,40) (D 0,1,16)
0 1 17 1017 1428.00 4 (D 0,1,17) (S 0,6,6) (S 18,6,7) (D 0,1,17)
0 1 18 1007 1543.00 4 (D 0,1,18) (S 36,20,32) (S 68,38,39) (D 0,1,18)
0 1 19 1217 1522.00 4 (D 0,1,19) (S 32,17,29) (S 56,32,33) (D 0,1,19)
0 1 20 1281 1549.00 4 (D 0,1,20) (S 21,10,11) (S 13,3,4) (D 0,1,20)
0 1 21 1144 1618.00 4 (D 0,1,21) (S 40,22,36) (S 45,25,38) (D 0,1,21)
0 1 22 1172 1775.00 4 (D 0,1,22) (S 47,26,39) (S 73,40,41) (D 0,1,22)
0 1 23 1281 1753.00 4 (D 0,1,23) (S 28,14,22) (S 65,36,49) (D 0,1,23)
0 1 24 1378 1800.00 4 (D 0,1,24) (S 42,23,36) (S 63,36,37) (D 0,1,24)
0 1 25 704 1221.00 3 (D 0,1,25) (S 83,51,52) (D 0,1,25)
