767.00
8
1977218
1977218
0 1 1 24 55.00 12 (D 0,1,1) (S 88,9,14) (S 89,14,9) (S 58,15,23) (S 17,23,23) (S 21,28,28) (S 67,23,29) (S 103,29,30) (S 23,30,30) (S 64,31,32) (S 25,32,32) (D 0,1,1)
0 1 2 35 65.00 10 (D 0,1,2) (S 78,1,9) (S 69,14,15) (S 85,15,24) (S 18,24,24) (S 51,23,28) (S 43,23,24) (S 81,24,30) (S 24,31,31) (D 0,1,2)
0 1 3 4 7.00 3 (D 0,1,3) (S 3,5,5) (D 0,1,3)
0 1 4 96 183.00 21 (D 0,1,4) (S 63,1,15) (S 11,15,15) (S 95,15,16) (S 99,16,15) (S 104,23,22) (S 16,22,22) (S 101,22,23) (S 100,24,17) (S 70,17,24) (S 22,29,29) (S 79,34,35) (S 91,35,34) (S 94,27,28) (S 44,35,36) (S 77,35,27) (S 20,27,27) (S 45,28,36) (S 27,36,36) (S 33,42,42) (D 0,1,4)
0 1 5 74 142.00 11 (D 0,1,5) (S 98,9,1) (S 9,13,13) (S 65,13,8) (S 71,8,13) (S 47,8,9) (S 10,14,14) (S 82,9,13) (S 84,16,1) (S 90,1,5) (D 0,1,5)
0 1 6 35 97.00 8 (D 0,1,6) (S 49,28,29) (S 80,26,27) (S 26,34,34) (S 54,21,26) (S 48,26,34) (S 87,43,42) (D 0,1,6)
0 1 7 90 188.00 10 (D 0,1,7) (S 12,16,16) (S 57,22,28) (S 15,21,21) (S 34,43,43) (S 35,44,44) (S 53,43,44) (S 41,35,43) (S 73,17,31) (D 0,1,7)
0 1 8 14 30.00 3 (D 0,1,8) (S 52,17,30) (D 0,1,8)
