1206.00
10
2540911
2540911
0 1 1 70 135.00 25 (D 0,1,1) (S 90,15,23) (S 102,23,15) (S 14,24,24) (S 93,24,29) (S 16,29,29) (S 23,37,37) (S 114,37,29) (S 79,29,24) (S 98,24,23) (S 13,23,23) (S 60,23,24) (S 115,23,29) (S 104,29,37) (S 117,29,23) (S 36,9,14) (S 5,9,9) (S 96,9,1) (S 92,1,9) (S 43,14,23) (S 47,15,24) (S 35,17,18) (S 61,18,19) (S 8,12,12) (D 0,1,1)
0 1 2 66 108.00 16 (D 0,1,2) (S 3,5,5) (S 111,5,6) (S 86,6,11) (S 59,11,12) (S 121,12,11) (S 74,11,6) (S 99,6,5) (S 52,5,10) (S 110,10,11) (S 7,11,11) (S 4,6,6) (S 42,12,19) (S 19,32,32) (S 51,32,40) (D 0,1,2)
0 1 3 39 66.00 6 (D 0,1,3) (S 108,1,5) (S 6,10,10) (S 73,19,32) (S 76,32,19) (D 0,1,3)
0 1 4 27 46.00 7 (D 0,1,4) (S 10,16,16) (S 78,16,15) (S 109,15,16) (S 95,16,17) (S 67,17,10) (D 0,1,4)
0 1 5 70 156.00 20 (D 0,1,5) (S 112,1,16) (S 12,22,22) (S 9,13,13) (S 66,13,22) (S 49,21,26) (S 83,26,25) (S 64,25,33) (S 69,33,25) (S 103,25,26) (S 15,26,26) (S 53,21,22) (S 87,20,25) (S 119,25,20) (S 38,20,21) (S 21,34,34) (S 33,42,43) (S 26,43,43) (S 54,41,42) (D 0,1,5)
0 1 6 67 157.00 18 (D 0,1,6) (S 34,14,15) (S 68,14,22) (S 84,22,13) (S 113,13,9) (S 37,1,15) (S 65,28,27) (S 107,27,28) (S 100,36,38) (S 24,38,38) (S 17,30,30) (S 44,30,38) (S 31,46,50) (S 77,50,49) (S 81,49,50) (S 106,46,45) (S 75,45,44) (D 0,1,6)
0 1 7 59 92.00 8 (D 0,1,7) (S 118,17,30) (S 89,30,17) (S 11,17,17) (S 50,17,24) (S 72,27,35) (S 22,35,35) (D 0,1,7)
0 1 8 66 151.00 12 (D 0,1,8) (S 39,22,23) (S 32,26,34) (S 46,34,42) (S 70,43,44) (S 27,44,44) (S 57,44,43) (S 29,48,48) (S 58,48,49) (S 30,49,49) (S 94,45,49) (D 0,1,8)
0 1 9 69 193.00 10 (D 0,1,9) (S 116,13,8) (S 91,8,13) (S 63,8,9) (S 88,28,22) (S 20,33,33) (S 101,43,48) (S 56,45,50) (S 41,45,48) (D 0,1,9)
0 1 10 38 102.00 6 (D 0,1,10) (S 45,28,29) (S 48,28,36) (S 40,36,44) (S 55,38,46) (D 0,1,10)
