993.00
11
1485185
1485185
0 1 1 21 34.00 8 (D 0,1,1) (S 74,7,8) (S 3,8,8) (S 35,8,9) (S 36,3,9) (S 44,3,2) (S 0,2,2) (D 0,1,1)
0 1 2 29 64.00 9 (D 0,1,2) (S 45,1,7) (S 72,7,1) (S 1,4,4) (S 64,10,15) (S 7,15,15) (S 40,16,19) (S 9,19,19) (D 0,1,2)
0 1 3 29 78.00 9 (D 0,1,3) (S 61,3,4) (S 56,15,16) (S 42,16,15) (S 31,14,15) (S 32,11,17) (S 78,17,20) (S 57,20,19) (D 0,1,3)
0 1 4 49 83.00 8 (D 0,1,4) (S 4,9,9) (S 59,4,10) (S 33,10,11) (S 8,17,17) (S 75,27,21) (S 11,21,21) (D 0,1,4)
0 1 5 10 27.00 3 (D 0,1,5) (S 49,8,2) (D 0,1,5)
0 1 6 46 104.00 9 (D 0,1,6) (S 41,4,3) (S 85,11,12) (S 52,12,6) (S 77,6,12) (S 67,12,11) (S 81,11,5) (S 2,5,5) (D 0,1,6)
0 1 7 36 79.00 6 (D 0,1,7) (S 79,20,27) (S 47,27,33) (S 50,33,27) (S 14,27,27) (D 0,1,7)
0 1 8 53 139.00 10 (D 0,1,8) (S 6,14,14) (S 55,24,23) (S 76,23,24) (S 30,24,25) (S 65,25,26) (S 53,26,25) (S 51,24,14) (S 10,20,20) (D 0,1,8)
0 1 9 74 189.00 9 (D 0,1,9) (S 28,11,16) (S 34,16,17) (S 13,24,24) (S 29,25,31) (S 16,30,30) (S 17,31,31) (S 46,26,19) (D 0,1,9)
0 1 10 38 81.00 5 (D 0,1,10) (S 37,15,25) (S 48,26,32) (S 18,32,32) (D 0,1,10)
0 1 11 40 115.00 4 (D 0,1,11) (S 12,23,23) (S 38,30,31) (D 0,1,11)
