707.00
6
1079893
1079893
0 1 1 131 264.00 28 (D 0,1,1) (S 26,1,2) (S 22,36,36) (S 71,6,12) (S 49,12,6) (S 8,12,12) (S 9,13,13) (S 35,7,13) (S 27,13,18) (S 50,22,25) (S 70,25,22) (S 29,21,22) (S 58,25,24) (S 66,24,25) (S 33,20,21) (S 24,21,24) (S 13,20,20) (S 68,17,13) (S 48,13,12) (S 11,17,17) (S 44,17,18) (S 12,18,18) (S 25,6,7) (S 72,12,13) (S 30,12,17) (S 38,18,22) (S 57,20,17) (D 0,1,1)
0 1 2 27 38.00 6 (D 0,1,2) (S 63,1,35) (S 21,35,35) (S 51,35,1) (S 59,1,6) (D 0,1,2)
0 1 3 34 54.00 7 (D 0,1,3) (S 6,10,10) (S 5,9,9) (S 77,9,15) (S 10,15,15) (S 34,14,15) (D 0,1,3)
0 1 4 14 24.00 4 (D 0,1,4) (S 7,11,11) (S 75,11,12) (D 0,1,4)
0 1 5 133 219.00 17 (D 0,1,5) (S 67,1,8) (S 65,8,9) (S 42,9,10) (S 0,2,2) (S 43,2,36) (S 60,36,35) (S 15,26,26) (S 74,26,34) (S 20,33,33) (S 31,33,34) (S 76,34,26) (S 37,26,33) (S 45,34,35) (S 36,1,40) (S 73,1,11) (D 0,1,5)
0 1 6 45 108.00 5 (D 0,1,6) (S 41,1,10) (S 4,8,8) (S 40,28,35) (D 0,1,6)
