908.00
11
1033168
1033168
0 1 1 175 348.00 31 (D 0,1,1) (S 49,6,12) (S 46,12,6) (S 1,7,7) (S 5,12,12) (S 50,17,13) (S 75,13,17) (S 8,17,17) (S 36,13,18) (S 60,13,12) (S 44,12,17) (S 28,17,18) (S 42,6,7) (S 48,2,3) (S 63,3,7) (S 33,2,6) (S 25,3,4) (S 67,4,38) (S 24,38,38) (S 65,38,4) (S 64,4,5) (S 54,5,4) (S 72,38,37) (S 23,37,37) (S 37,3,37) (S 56,3,2) (S 0,2,2) (S 38,5,39) (S 26,38,39) (S 9,18,18) (D 0,1,1)
0 1 2 20 31.00 5 (D 0,1,2) (S 57,1,35) (S 74,35,1) (S 51,1,6) (D 0,1,2)
0 1 3 14 24.00 4 (D 0,1,3) (S 4,11,11) (S 61,11,12) (D 0,1,3)
0 1 4 118 189.00 15 (D 0,1,4) (S 15,26,26) (S 66,26,34) (S 31,33,34) (S 34,27,34) (S 21,34,34) (S 16,27,27) (S 27,1,33) (S 29,1,40) (S 2,8,8) (S 3,9,9) (S 55,9,15) (S 6,15,15) (S 40,14,15) (D 0,1,4)
0 1 5 12 15.00 3 (D 0,1,5) (S 53,1,11) (D 0,1,5)
0 1 6 4 16.00 3 (D 0,1,6) (S 7,16,16) (D 0,1,6)
0 1 7 20 44.00 6 (D 0,1,7) (S 22,36,36) (S 18,30,30) (S 59,30,31) (S 73,31,38) (D 0,1,7)
0 1 8 4 16.00 3 (D 0,1,8) (S 69,10,16) (D 0,1,8)
0 1 9 59 99.00 7 (D 0,1,9) (S 70,35,36) (S 68,36,35) (S 39,29,36) (S 35,29,30) (S 19,31,31) (D 0,1,9)
0 1 10 42 94.00 7 (D 0,1,10) (S 30,1,10) (S 58,8,9) (S 62,9,8) (S 32,8,40) (S 71,8,14) (D 0,1,10)
0 1 11 14 32.00 3 (D 0,1,11) (S 43,26,33) (D 0,1,11)
