1001.00
10
1994611
1994610
0 1 1 69 115.00 18 (D 0,1,1) (S 6,10,10) (S 62,17,18) (S 87,18,17) (S 12,17,17) (S 13,18,18) (S 11,16,16) (S 46,16,17) (S 16,24,24) (S 74,30,29) (S 98,23,24) (S 54,15,24) (S 60,24,30) (S 91,38,36) (S 102,36,38) (S 71,38,37) (S 24,37,37) (D 0,1,1)
0 1 2 75 122.00 12 (D 0,1,2) (S 94,1,16) (S 21,31,31) (S 58,31,39) (S 81,39,30) (S 86,30,38) (S 38,38,39) (S 82,39,40) (S 39,32,40) (S 27,40,40) (S 45,19,32) (D 0,1,2)
0 1 3 95 184.00 23 (D 0,1,3) (S 67,2,3) (S 0,3,3) (S 1,4,4) (S 41,3,4) (S 80,6,5) (S 49,5,10) (S 57,2,5) (S 48,10,17) (S 97,17,31) (S 96,31,17) (S 35,17,24) (S 44,14,23) (S 99,23,28) (S 14,21,21) (S 61,13,21) (S 89,21,13) (S 72,21,20) (S 101,20,21) (S 18,27,27) (S 53,26,27) (S 17,26,26) (D 0,1,3)
0 1 4 63 108.00 11 (D 0,1,4) (S 47,1,10) (S 3,6,6) (S 7,11,11) (S 68,11,18) (S 9,14,14) (S 42,14,15) (S 10,15,15) (S 55,23,29) (S 69,29,37) (D 0,1,4)
0 1 5 49 105.00 9 (D 0,1,5) (S 59,3,6) (S 34,6,11) (S 2,5,5) (S 51,15,16) (S 84,23,22) (S 90,22,21) (S 83,21,26) (D 0,1,5)
0 1 6 38 85.00 10 (D 0,1,6) (S 75,28,22) (S 104,20,25) (S 22,33,33) (S 50,25,33) (S 70,25,20) (S 73,13,22) (S 15,22,22) (S 4,8,8) (D 0,1,6)
0 1 7 40 97.00 8 (D 0,1,7) (S 19,28,28) (S 28,41,41) (S 100,41,33) (S 85,33,41) (S 5,9,9) (S 95,9,8) (D 0,1,7)
0 1 8 42 87.00 6 (D 0,1,8) (S 66,30,17) (S 20,29,29) (S 25,38,38) (S 79,36,44) (D 0,1,8)
0 1 9 26 60.00 4 (D 0,1,9) (S 26,39,39) (S 88,13,9) (D 0,1,9)
0 1 10 11 38.00 3 (D 0,1,10) (S 77,13,8) (D 0,1,10)
