1269.00
7
16000000
16000000
1 41 240.00 8 (D 1,1,1) (S 4,7,7) (S 3,5,5) (S 18,5,6) (S 22,6,9) (S 6,9,9) (S 19,9,10) (D 1,1,1)
2 40 200.00 7 (D 1,1,2) (S 2,4,4) (S 14,4,2) (S 25,3,6) (S 9,6,7) (S 16,7,10) (D 1,1,2)
3 41 177.00 7 (D 1,1,3) (S 11,1,7) (S 21,1,5) (S 26,5,7) (S 24,1,6) (S 12,7,8) (D 1,1,3)
4 39 114.00 5 (D 1,1,4) (S 23,4,5) (S 10,4,1) (S 20,2,3) (D 1,1,4)
5 41 171.00 6 (D 1,1,5) (S 1,2,2) (S 13,3,7) (S 17,2,8) (S 8,3,8) (D 1,1,5)
6 35 109.00 4 (D 1,1,6) (S 15,3,1) (S 5,8,8) (D 1,1,6)
7 8 258.00 3 (D 1,1,7) (S 7,8,10) (D 1,1,7)
