1343.00
7
31000000
31000000
1 59 127.00 11 (D 1,1,1) (S 73,1,6) (S 3,6,6) (S 52,7,13) (S 78,13,7) (S 4,7,7) (S 9,13,13) (S 53,18,12) (S 49,12,18) (S 21,29,29) (D 1,1,1)
2 103 176.00 21 (D 1,1,2) (S 68,1,2) (S 26,2,3) (S 1,3,3) (S 39,14,15) (S 11,15,15) (S 57,15,14) (S 10,14,14) (S 5,8,8) (S 30,8,14) (S 50,15,21) (S 56,22,23) (S 60,23,22) (S 72,23,28) (S 67,33,34) (S 20,28,28) (S 24,33,33) (S 25,34,34) (S 29,28,34) (S 33,28,33) (D 1,1,2)
3 45 103.00 9 (D 1,1,3) (S 27,6,7) (S 75,18,19) (S 17,25,25) (S 48,25,30) (S 22,30,30) (S 63,30,25) (S 71,25,29) (D 1,1,3)
4 80 224.00 18 (D 1,1,4) (S 77,2,8) (S 6,9,9) (S 69,9,15) (S 40,21,15) (S 37,21,22) (S 74,23,24) (S 16,24,24) (S 41,11,5) (S 65,5,11) (S 58,11,17) (S 70,16,10) (S 81,10,4) (S 62,4,3) (S 59,2,1) (S 64,19,25) (S 79,30,29) (D 1,1,4)
5 217 495.00 23 (D 1,1,5) (S 8,12,12) (S 14,20,20) (S 54,20,14) (S 38,8,9) (S 35,9,10) (S 66,4,10) (S 7,10,10) (S 2,4,4) (S 36,4,5) (S 80,17,11) (S 13,17,17) (S 34,16,17) (S 47,16,15) (S 15,22,22) (S 12,16,16) (S 61,2,13) (S 32,6,18) (S 51,19,12) (S 42,19,18) (S 45,19,13) (S 44,18,29) (D 1,1,5)
6 40 93.00 6 (D 1,1,6) (S 31,19,20) (S 46,25,26) (S 18,26,26) (S 43,26,25) (D 1,1,6)
7 19 125.00 3 (D 1,1,7) (S 28,11,24) (D 1,1,7)
