449.00
9
16000000
16000000
1 44 70.00 8 (D 1,1,1) (S 31,20,15) (S 39,15,20) (S 37,21,24) (S 21,23,24) (S 25,24,21) (S 13,21,21) (D 1,1,1)
2 24 46.00 6 (D 1,1,2) (S 8,11,11) (S 5,6,6) (S 23,16,17) (S 10,17,17) (D 1,1,2)
3 14 49.00 5 (D 1,1,3) (S 30,1,11) (S 26,12,11) (S 32,12,17) (D 1,1,3)
4 13 17.00 3 (D 1,1,4) (S 33,1,19) (D 1,1,4)
5 25 33.00 4 (D 1,1,5) (S 16,1,20) (S 28,20,21) (D 1,1,5)
6 7 21.00 3 (D 1,1,6) (S 40,15,21) (D 1,1,6)
7 32 95.00 6 (D 1,1,7) (S 18,12,16) (S 34,16,15) (S 15,6,12) (S 27,6,5) (D 1,1,7)
8 34 38.00 3 (D 1,1,8) (S 12,19,19) (D 1,1,8)
9 42 80.00 4 (D 1,1,9) (S 22,6,11) (S 4,5,5) (D 1,1,9)
