481.00
8
16000000
16000000
1 1 5.00 3 (D 1,1,1) (S 19,1,12) (D 1,1,1)
2 5 64.00 7 (D 1,1,2) (S 5,9,9) (S 6,10,10) (S 24,10,11) (S 4,8,8) (S 9,8,11) (D 1,1,2)
3 3 69.00 5 (D 1,1,3) (S 16,1,9) (S 22,9,10) (S 21,6,12) (D 1,1,3)
4 5 76.00 6 (D 1,1,4) (S 8,1,2) (S 17,2,9) (S 12,6,7) (S 3,7,7) (D 1,1,4)
5 3 58.00 5 (D 1,1,5) (S 18,1,7) (S 14,7,8) (S 7,6,8) (D 1,1,5)
6 5 59.00 6 (D 1,1,6) (S 10,2,4) (S 1,4,4) (S 20,2,3) (S 2,5,5) (D 1,1,6)
7 2 45.00 4 (D 1,1,7) (S 13,3,5) (S 11,5,6) (D 1,1,7)
8 2 105.00 4 (D 1,1,8) (S 15,3,4) (S 23,5,11) (D 1,1,8)
