1322.00
11
16000000
16000000
1 51 102.00 16 (D 1,1,1) (S 30,15,23) (S 90,23,24) (S 11,24,24) (S 78,29,30) (S 91,30,29) (S 64,36,38) (S 94,38,36) (S 15,34,34) (S 19,42,42) (S 49,41,42) (S 80,33,34) (S 43,34,42) (S 86,41,33) (S 99,33,41) (D 1,1,1)
2 43 80.00 16 (D 1,1,2) (S 65,1,15) (S 54,15,24) (S 79,24,23) (S 10,23,23) (S 81,24,29) (S 57,27,28) (S 112,28,27) (S 9,21,21) (S 85,13,21) (S 108,21,13) (S 77,21,20) (S 101,20,21) (S 56,20,25) (S 12,25,25) (D 1,1,2)
3 137 270.00 31 (D 1,1,3) (S 74,17,18) (S 76,18,19) (S 5,11,11) (S 36,11,12) (S 89,7,4) (S 106,4,7) (S 23,7,12) (S 40,10,11) (S 82,6,5) (S 87,5,6) (S 2,6,6) (S 83,3,2) (S 96,2,3) (S 1,2,2) (S 35,3,4) (S 27,3,6) (S 32,6,11) (S 55,5,10) (S 8,18,18) (S 33,32,40) (S 18,40,40) (S 17,39,39) (S 59,39,40) (S 38,31,32) (S 53,31,39) (S 67,38,37) (S 25,37,44) (S 44,35,36) (S 73,35,34) (D 1,1,3)
4 33 56.00 8 (D 1,1,4) (S 104,1,16) (S 39,16,17) (S 72,30,38) (S 52,46,50) (S 75,50,49) (S 22,49,49) (D 1,1,4)
5 39 67.00 10 (D 1,1,5) (S 98,15,1) (S 6,15,15) (S 48,14,23) (S 60,23,22) (S 100,22,21) (S 69,21,26) (S 13,26,26) (S 103,26,25) (D 1,1,5)
6 123 250.00 19 (D 1,1,6) (S 93,16,1) (S 45,14,15) (S 14,29,29) (S 71,29,28) (S 92,28,22) (S 102,22,28) (S 37,26,27) (S 24,28,36) (S 16,35,35) (S 51,38,39) (S 26,45,46) (S 62,45,44) (S 28,43,44) (S 21,48,48) (S 34,43,48) (S 66,43,35) (S 107,45,49) (D 1,1,6)
7 174 351.00 21 (D 1,1,7) (S 31,14,22) (S 58,22,13) (S 109,13,22) (S 70,22,23) (S 105,30,17) (S 97,17,30) (S 110,50,45) (S 20,45,45) (S 47,38,46) (S 111,36,44) (S 95,31,17) (S 42,10,17) (S 4,10,10) (S 50,12,19) (S 41,40,47) (S 29,39,47) (S 7,17,17) (S 63,5,1) (S 84,9,8) (D 1,1,7)
8 15 42.00 4 (D 1,1,8) (S 3,9,9) (S 88,8,9) (D 1,1,8)
9 12 29.00 3 (D 1,1,9) (S 68,13,9) (D 1,1,9)
10 11 30.00 3 (D 1,1,10) (S 61,13,8) (D 1,1,10)
11 16 45.00 3 (D 1,1,11) (S 46,19,32) (D 1,1,11)
