548.00
8
31000000
31000000
1 25 37.00 7 (D 1,1,1) (S 6,10,10) (S 78,17,18) (S 76,18,17) (S 96,18,19) (S 14,19,19) (D 1,1,1)
2 33 47.00 9 (D 1,1,2) (S 73,1,15) (S 19,24,24) (S 18,23,23) (S 77,23,24) (S 62,24,23) (S 81,23,28) (S 22,28,28) (D 1,1,2)
3 26 36.00 5 (D 1,1,3) (S 43,15,24) (S 85,30,29) (S 23,29,29) (D 1,1,3)
4 34 44.00 6 (D 1,1,4) (S 54,1,9) (S 5,9,9) (S 89,1,16) (S 12,16,16) (D 1,1,4)
5 16 25.00 4 (D 1,1,5) (S 82,24,30) (S 24,30,30) (D 1,1,5)
6 43 74.00 10 (D 1,1,6) (S 13,17,17) (S 7,11,11) (S 88,11,18) (S 75,18,11) (S 1,3,3) (S 53,3,4) (S 92,4,7) (S 4,7,7) (D 1,1,6)
7 15 29.00 4 (D 1,1,7) (S 44,10,17) (S 93,17,30) (D 1,1,7)
8 132 256.00 16 (D 1,1,8) (S 38,1,10) (S 74,23,22) (S 17,22,22) (S 90,22,13) (S 94,13,9) (S 11,15,15) (S 95,22,23) (S 10,14,14) (S 40,14,22) (S 9,13,13) (S 42,6,11) (S 3,6,6) (S 52,3,6) (S 57,17,24) (D 1,1,8)
