424.00
7
0
0
1 27 66.00 8 (D 1,1,1) (S 7,1,10) (S 21,1,2) (S 18,2,9) (S 6,9,9) (S 14,9,10) (S 15,6,11) (D 1,1,1)
2 27 86.00 10 (D 1,1,2) (S 23,2,6) (S 3,6,6) (S 12,6,9) (S 19,4,7) (S 13,8,10) (S 27,1,11) (S 16,3,10) (S 9,1,5) (D 1,1,2)
3 26 79.00 7 (D 1,1,3) (S 24,1,6) (S 17,6,10) (S 25,1,3) (S 2,3,3) (S 28,7,9) (D 1,1,3)
4 22 55.00 6 (D 1,1,4) (S 22,2,4) (S 5,8,8) (S 8,5,7) (S 20,7,8) (D 1,1,4)
5 22 77.00 5 (D 1,1,5) (S 11,4,9) (S 26,4,8) (S 10,3,11) (D 1,1,5)
6 19 33.00 3 (D 1,1,6) (S 1,2,2) (D 1,1,6)
7 11 28.00 3 (D 1,1,7) (S 4,7,7) (D 1,1,7)
