796.00
7
16000000
16000000
1 40 102.00 10 (D 1,1,1) (S 43,1,3) (S 1,3,3) (S 24,3,9) (S 45,9,3) (S 29,3,1) (S 21,1,2) (S 18,2,4) (S 6,15,15) (D 1,1,1)
2 40 104.00 10 (D 1,1,2) (S 17,4,5) (S 26,5,11) (S 4,11,11) (S 20,11,15) (S 33,15,16) (S 39,17,13) (S 23,13,17) (S 37,16,15) (D 1,1,2)
3 38 143.00 9 (D 1,1,3) (S 10,20,20) (S 36,21,15) (S 48,11,5) (S 40,10,20) (S 35,20,10) (S 41,10,11) (S 16,16,17) (D 1,1,3)
4 38 107.00 6 (D 1,1,4) (S 42,9,19) (S 28,19,9) (S 15,9,10) (S 13,20,21) (D 1,1,4)
5 39 136.00 7 (D 1,1,5) (S 19,5,10) (S 32,21,24) (S 12,24,24) (S 44,24,21) (S 14,12,13) (D 1,1,5)
6 39 124.00 5 (D 1,1,6) (S 9,19,19) (S 7,17,17) (S 47,12,11) (D 1,1,6)
7 21 80.00 4 (D 1,1,7) (S 25,16,12) (S 5,12,12) (D 1,1,7)
