89879.00
39
31000000
31000000
1 1597 3269.00 20 (D 1,1,1) (S 8,10,10) (S 66,9,11) (S 7,9,9) (S 68,11,18) (S 23,27,27) (S 148,27,18) (S 29,34,34) (S 170,43,46) (S 48,53,53) (S 50,55,55) (S 49,54,54) (S 119,53,55) (S 53,58,58) (S 179,58,59) (S 173,49,58) (S 175,51,42) (S 28,33,33) (S 146,25,30) (D 1,1,1)
2 1556 3052.00 14 (D 1,1,2) (S 6,8,8) (S 132,12,19) (S 24,28,28) (S 39,44,44) (S 162,35,27) (S 97,36,45) (S 38,43,43) (S 100,39,40) (S 35,40,40) (S 101,40,41) (S 176,51,60) (S 55,60,60) (D 1,1,2)
3 1611 2878.00 12 (D 1,1,3) (S 125,3,2) (S 126,3,12) (S 10,12,12) (S 3,4,4) (S 4,5,5) (S 134,15,23) (S 140,23,15) (S 128,7,16) (S 5,6,6) (S 139,22,31) (D 1,1,3)
4 1518 2627.00 10 (D 1,1,4) (S 16,18,18) (S 25,29,29) (S 152,29,39) (S 26,31,31) (S 144,25,20) (S 153,30,29) (S 151,29,30) (S 168,41,50) (D 1,1,4)
5 1536 2583.00 9 (D 1,1,5) (S 136,17,11) (S 9,11,11) (S 77,18,26) (S 30,35,35) (S 104,43,44) (S 46,51,51) (S 45,50,50) (D 1,1,5)
6 1615 2388.00 8 (D 1,1,6) (S 15,17,17) (S 163,36,34) (S 47,52,52) (S 177,55,56) (S 51,56,56) (S 43,48,48) (D 1,1,6)
7 1597 2499.00 8 (D 1,1,7) (S 2,3,3) (S 11,13,13) (S 70,13,14) (S 141,23,24) (S 143,24,23) (S 160,33,32) (D 1,1,7)
8 1564 2195.00 7 (D 1,1,8) (S 130,10,17) (S 31,36,36) (S 107,45,52) (S 40,45,45) (S 118,52,54) (D 1,1,8)
9 1405 1869.00 6 (D 1,1,9) (S 129,8,10) (S 22,26,26) (S 147,26,27) (S 87,27,28) (D 1,1,9)
10 1397 2051.00 6 (D 1,1,10) (S 56,1,2) (S 124,2,3) (S 131,12,3) (S 20,22,22) (D 1,1,10)
11 1496 2370.00 7 (D 1,1,11) (S 137,18,19) (S 150,29,19) (S 17,19,19) (S 32,37,37) (S 166,39,29) (D 1,1,11)
12 1613 2790.00 8 (D 1,1,12) (S 161,34,36) (S 110,47,48) (S 172,48,39) (S 167,39,48) (S 174,50,41) (S 169,42,51) (D 1,1,12)
13 1609 2527.00 7 (D 1,1,13) (S 1,2,2) (S 64,6,15) (S 75,15,16) (S 135,16,24) (S 159,33,24) (D 1,1,13)
14 1491 2223.00 7 (D 1,1,14) (S 154,30,31) (S 156,31,32) (S 36,41,41) (S 27,32,32) (S 157,32,31) (D 1,1,14)
15 1587 2572.00 7 (D 1,1,15) (S 18,20,20) (S 145,25,21) (S 138,20,25) (S 158,32,33) (S 102,40,49) (D 1,1,15)
16 1602 2236.00 6 (D 1,1,16) (S 127,5,14) (S 133,14,5) (S 62,5,6) (S 13,15,15) (D 1,1,16)
17 1532 2217.00 6 (D 1,1,17) (S 58,2,9) (S 164,38,37) (S 98,37,43) (S 105,44,47) (D 1,1,17)
18 1583 2192.00 6 (D 1,1,18) (S 69,12,13) (S 19,21,21) (S 155,31,22) (S 12,14,14) (D 1,1,18)
19 1584 2279.00 6 (D 1,1,19) (S 61,4,13) (S 74,14,22) (S 80,20,21) (S 81,20,29) (D 1,1,19)
20 1434 2550.00 6 (D 1,1,20) (S 60,4,5) (S 14,16,16) (S 142,24,16) (S 180,59,58) (D 1,1,20)
21 1442 2208.00 6 (D 1,1,21) (S 149,27,26) (S 33,38,38) (S 99,38,44) (S 111,47,56) (D 1,1,21)
22 1616 2255.00 6 (D 1,1,22) (S 67,10,11) (S 79,19,28) (S 165,38,39) (S 34,39,39) (D 1,1,22)
23 1615 2622.00 6 (D 1,1,23) (S 57,1,8) (S 171,46,43) (S 41,46,46) (S 123,59,60) (D 1,1,23)
24 1567 2487.00 6 (D 1,1,24) (S 59,3,4) (S 72,13,20) (S 113,48,57) (S 122,57,58) (D 1,1,24)
25 1573 2372.00 6 (D 1,1,25) (S 106,45,46) (S 109,46,53) (S 178,56,55) (S 117,52,53) (D 1,1,25)
26 1315 2008.00 5 (D 1,1,26) (S 90,28,38) (S 42,47,47) (S 44,49,49) (D 1,1,26)
27 1419 2254.00 5 (D 1,1,27) (S 65,8,9) (S 89,28,37) (S 112,48,49) (D 1,1,27)
28 1348 2102.00 5 (D 1,1,28) (S 71,13,19) (S 83,22,23) (S 21,24,24) (D 1,1,28)
29 1548 2429.00 5 (D 1,1,29) (S 76,17,26) (S 96,36,37) (S 54,59,59) (D 1,1,29)
30 1374 2249.00 5 (D 1,1,30) (S 82,21,22) (S 37,42,42) (S 93,33,42) (D 1,1,30)
31 1402 2283.00 5 (D 1,1,31) (S 91,31,40) (S 116,50,59) (S 52,57,57) (D 1,1,31)
32 1551 2565.00 5 (D 1,1,32) (S 84,23,32) (S 92,32,41) (S 121,56,57) (D 1,1,32)
33 1298 1701.00 4 (D 1,1,33) (S 86,26,34) (S 94,34,35) (D 1,1,33)
34 1245 1823.00 4 (D 1,1,34) (S 95,35,37) (S 108,46,47) (D 1,1,34)
35 1170 1791.00 4 (D 1,1,35) (S 73,14,15) (S 63,6,7) (D 1,1,35)
36 1062 2037.00 4 (D 1,1,36) (S 120,54,55) (S 115,50,51) (D 1,1,36)
37 1214 1995.00 4 (D 1,1,37) (S 85,25,31) (S 114,49,50) (D 1,1,37)
38 1264 1848.00 4 (D 1,1,38) (S 88,28,29) (S 78,19,20) (D 1,1,38)
39 735 1483.00 3 (D 1,1,39) (S 103,41,42) (D 1,1,39)
