1119.00
9
32000000
32000000
1 50 140.00 15 (D 1,1,1) (S 37,1,2) (S 34,2,1) (S 48,31,5) (S 40,5,31) (S 16,28,28) (S 21,26,27) (S 22,29,31) (S 4,5,5) (S 31,1,31) (S 1,2,2) (S 43,1,30) (S 7,10,10) (S 3,4,4) (D 1,1,1)
2 49 120.00 10 (D 1,1,2) (S 61,30,1) (S 27,24,27) (S 28,27,29) (S 60,29,30) (S 58,30,29) (S 63,29,28) (S 51,28,26) (S 55,6,5) (D 1,1,2)
3 50 142.00 10 (D 1,1,3) (S 59,26,28) (S 15,23,23) (S 18,23,24) (S 8,11,11) (S 38,11,12) (S 9,12,12) (S 47,12,13) (S 50,18,21) (D 1,1,3)
4 49 147.00 10 (D 1,1,4) (S 56,6,11) (S 64,16,17) (S 11,17,17) (S 41,17,11) (S 53,10,5) (S 5,6,6) (S 36,10,16) (S 49,9,4) (D 1,1,4)
5 49 102.00 8 (D 1,1,5) (S 6,8,8) (S 25,8,9) (S 45,13,12) (S 12,18,18) (S 14,21,21) (S 13,19,19) (D 1,1,5)
6 50 129.00 8 (D 1,1,6) (S 26,2,8) (S 30,9,13) (S 2,3,3) (S 54,3,2) (S 66,7,6) (S 62,12,18) (D 1,1,6)
7 44 109.00 7 (D 1,1,7) (S 19,1,7) (S 46,7,8) (S 17,4,13) (S 42,19,18) (S 44,18,19) (D 1,1,7)
8 43 122.00 6 (D 1,1,8) (S 23,10,11) (S 24,19,21) (S 33,21,22) (S 29,20,22) (D 1,1,8)
9 38 108.00 5 (D 1,1,9) (S 32,13,19) (S 39,19,20) (S 20,3,4) (D 1,1,9)
