443.00
10
16000000
16000000
1 1 5.00 3 (D 1,1,1) (S 21,1,12) (D 1,1,1)
2 4 59.00 6 (D 1,1,2) (S 18,1,9) (S 22,9,11) (S 3,6,6) (S 20,6,12) (D 1,1,2)
3 4 26.00 5 (D 1,1,3) (S 15,1,2) (S 1,2,2) (S 2,4,4) (D 1,1,3)
4 1 18.00 3 (D 1,1,4) (S 10,1,4) (D 1,1,4)
5 4 32.00 5 (D 1,1,5) (S 13,1,7) (S 4,7,7) (S 11,7,10) (D 1,1,5)
6 1 23.00 3 (D 1,1,6) (S 12,2,4) (D 1,1,6)
7 3 30.00 4 (D 1,1,7) (S 17,9,10) (S 6,10,10) (D 1,1,7)
8 4 70.00 5 (D 1,1,8) (S 9,5,6) (S 19,6,8) (S 5,8,8) (D 1,1,8)
9 2 68.00 4 (D 1,1,9) (S 8,3,5) (S 16,5,12) (D 1,1,9)
10 2 112.00 4 (D 1,1,10) (S 7,5,11) (S 14,3,4) (D 1,1,10)
