1555.00
10
62000000
62000000
1 70 151.00 22 (D 1,1,1) (S 2,9,9) (S 94,9,1) (S 61,1,9) (S 35,13,21) (S 8,21,21) (S 5,13,13) (S 52,21,26) (S 70,20,25) (S 75,25,33) (S 17,33,33) (S 26,41,42) (S 36,42,43) (S 59,43,44) (S 77,36,38) (S 60,38,36) (S 108,38,37) (S 96,37,38) (S 21,46,46) (S 24,50,50) (S 45,46,50) (D 1,1,1)
2 70 151.00 21 (D 1,1,2) (S 55,2,3) (S 114,3,2) (S 39,2,5) (S 62,5,6) (S 68,3,4) (S 121,4,3) (S 31,3,6) (S 1,6,6) (S 40,5,10) (S 56,10,11) (S 4,11,11) (S 66,18,19) (S 109,12,11) (S 44,17,18) (S 11,24,24) (S 54,15,23) (S 102,23,15) (S 10,23,23) (S 72,23,29) (D 1,1,2)
3 69 139.00 19 (D 1,1,3) (S 104,1,5) (S 81,5,1) (S 53,1,16) (S 106,16,15) (S 107,23,24) (S 15,29,29) (S 37,29,30) (S 16,30,30) (S 57,30,24) (S 67,24,29) (S 88,29,37) (S 115,37,29) (S 111,29,23) (S 29,15,24) (S 119,24,23) (S 6,15,15) (S 89,27,28) (D 1,1,3)
4 68 169.00 14 (D 1,1,4) (S 117,9,13) (S 49,20,21) (S 99,25,26) (S 83,25,20) (S 71,13,9) (S 86,13,8) (S 76,8,13) (S 12,26,26) (S 28,33,41) (S 84,34,35) (S 34,35,36) (S 100,28,27) (D 1,1,4)
5 68 145.00 15 (D 1,1,5) (S 7,17,17) (S 105,17,10) (S 46,11,18) (S 113,31,32) (S 38,32,40) (S 73,32,31) (S 95,31,39) (S 103,39,30) (S 98,30,17) (S 63,12,7) (S 118,7,12) (S 30,12,19) (S 101,19,32) (D 1,1,5)
6 68 186.00 14 (D 1,1,6) (S 65,16,1) (S 85,16,17) (S 47,14,23) (S 9,22,22) (S 74,22,14) (S 51,14,15) (S 58,15,16) (S 79,14,22) (S 33,22,23) (S 13,27,27) (S 14,28,28) (S 23,49,49) (D 1,1,6)
7 69 189.00 12 (D 1,1,7) (S 48,4,7) (S 64,39,31) (S 80,39,38) (S 42,38,46) (S 90,45,49) (S 69,49,45) (S 116,45,44) (S 19,44,44) (S 32,36,44) (S 91,49,48) (D 1,1,7)
8 70 181.00 10 (D 1,1,8) (S 3,10,10) (S 27,17,24) (S 97,28,22) (S 50,28,29) (S 110,35,43) (S 78,43,35) (S 93,43,48) (S 92,48,49) (D 1,1,8)
9 65 156.00 8 (D 1,1,9) (S 25,17,31) (S 82,32,19) (S 18,39,39) (S 43,45,50) (S 20,45,45) (S 87,48,43) (D 1,1,9)
10 20 88.00 4 (D 1,1,10) (S 112,8,9) (S 41,34,42) (D 1,1,10)
