640.00
14
16000000
16000000
1 13 24.00 7 (D 1,1,1) (S 3,4,4) (S 14,4,5) (S 32,5,8) (S 9,1,4) (S 8,10,10) (D 1,1,1)
2 10 38.00 7 (D 1,1,2) (S 10,1,8) (S 2,3,3) (S 30,3,11) (S 16,6,11) (S 44,6,10) (D 1,1,2)
3 5 7.00 3 (D 1,1,3) (S 40,1,10) (D 1,1,3)
4 27 70.00 7 (D 1,1,4) (S 42,2,6) (S 12,6,9) (S 7,9,9) (S 43,5,11) (S 5,7,7) (D 1,1,4)
5 27 72.00 8 (D 1,1,5) (S 15,1,2) (S 26,2,4) (S 27,4,9) (S 4,5,5) (S 28,2,7) (S 41,1,3) (D 1,1,5)
6 27 61.00 6 (D 1,1,6) (S 34,1,11) (S 11,6,8) (S 19,8,11) (S 33,6,7) (D 1,1,6)
7 10 21.00 4 (D 1,1,7) (S 37,3,5) (S 48,4,10) (D 1,1,7)
8 26 60.00 6 (D 1,1,8) (S 1,2,2) (S 22,3,7) (S 18,7,9) (S 17,5,9) (D 1,1,8)
9 23 54.00 5 (D 1,1,9) (S 25,1,6) (S 36,1,7) (S 39,2,11) (D 1,1,9)
10 27 66.00 6 (D 1,1,10) (S 35,1,5) (S 46,4,7) (S 47,4,8) (S 13,2,3) (D 1,1,10)
11 6 14.00 3 (D 1,1,11) (S 23,3,10) (D 1,1,11)
12 25 38.00 4 (D 1,1,12) (S 29,4,11) (S 6,8,8) (D 1,1,12)
13 13 33.00 4 (D 1,1,13) (S 24,2,5) (S 45,2,10) (D 1,1,13)
14 27 82.00 6 (D 1,1,14) (S 38,3,8) (S 20,3,9) (S 31,2,8) (S 21,3,4) (D 1,1,14)
