422.00
10
16000000
16000000
1 25 38.00 7 (D 1,1,1) (S 5,6,6) (S 24,6,10) (S 11,7,10) (S 9,10,10) (S 6,7,7) (D 1,1,1)
2 17 32.00 6 (D 1,1,2) (S 21,1,3) (S 19,3,4) (S 8,9,9) (S 29,9,10) (D 1,1,2)
3 9 15.00 4 (D 1,1,3) (S 27,1,6) (S 18,6,7) (D 1,1,3)
4 18 38.00 6 (D 1,1,4) (S 30,1,11) (S 10,11,11) (S 15,2,11) (S 23,4,9) (D 1,1,4)
5 15 30.00 4 (D 1,1,5) (S 2,3,3) (S 16,4,10) (D 1,1,5)
6 26 84.00 7 (D 1,1,6) (S 25,5,8) (S 7,8,8) (S 12,4,8) (S 14,4,5) (S 20,2,3) (D 1,1,6)
7 22 51.00 5 (D 1,1,7) (S 31,6,8) (S 4,5,5) (S 28,5,10) (D 1,1,7)
8 27 36.00 4 (D 1,1,8) (S 17,2,4) (S 3,4,4) (D 1,1,8)
9 25 69.00 5 (D 1,1,9) (S 22,3,11) (S 13,5,11) (S 26,3,9) (D 1,1,9)
10 21 29.00 3 (D 1,1,10) (S 1,2,2) (D 1,1,10)
