1481.00
13
63000000
63000000
1 48 71.00 15 (D 1,1,1) (S 3,6,6) (S 82,6,1) (S 100,1,6) (S 81,6,13) (S 9,13,13) (S 85,13,6) (S 87,12,11) (S 97,26,30) (S 20,30,30) (S 86,30,26) (S 17,26,26) (S 78,26,29) (S 19,29,29) (D 1,1,1)
2 73 141.00 20 (D 1,1,2) (S 107,6,12) (S 7,11,11) (S 80,11,12) (S 8,12,12) (S 60,18,19) (S 67,18,26) (S 76,40,47) (S 32,47,47) (S 103,47,40) (S 26,41,41) (S 92,41,48) (S 88,48,41) (S 33,48,48) (S 90,34,30) (S 56,34,40) (S 50,40,41) (S 44,47,48) (S 40,33,40) (D 1,1,2)
3 62 133.00 14 (D 1,1,3) (S 37,13,14) (S 49,13,21) (S 15,22,22) (S 102,22,21) (S 105,21,22) (S 39,21,27) (S 27,42,42) (S 79,42,36) (S 73,36,42) (S 84,42,41) (S 53,33,34) (S 43,26,34) (D 1,1,3)
4 24 42.00 4 (D 1,1,4) (S 68,19,26) (S 23,33,33) (D 1,1,4)
5 46 74.00 7 (D 1,1,5) (S 51,11,19) (S 41,19,20) (S 45,20,21) (S 14,20,20) (S 64,18,29) (D 1,1,5)
6 40 66.00 6 (D 1,1,6) (S 10,14,14) (S 21,31,31) (S 71,31,32) (S 22,32,32) (D 1,1,6)
7 42 80.00 10 (D 1,1,7) (S 24,37,37) (S 109,37,43) (S 28,43,43) (S 25,38,38) (S 46,38,43) (S 35,50,50) (S 108,50,45) (S 30,45,45) (D 1,1,7)
8 54 104.00 11 (D 1,1,8) (S 18,27,27) (S 95,31,23) (S 11,15,15) (S 52,15,23) (S 74,23,31) (S 96,31,37) (S 83,43,50) (S 72,44,42) (S 70,35,34) (D 1,1,8)
9 4 30.00 3 (D 1,1,9) (S 98,35,41) (D 1,1,9)
10 74 233.00 15 (D 1,1,10) (S 104,23,22) (S 48,27,31) (S 62,9,8) (S 4,7,7) (S 111,7,8) (S 110,8,7) (S 75,7,6) (S 38,35,36) (S 42,27,36) (S 77,23,24) (S 66,24,23) (S 47,9,15) (S 54,3,9) (D 1,1,10)
11 27 118.00 6 (D 1,1,11) (S 106,43,42) (S 5,8,8) (S 63,38,28) (S 112,28,32) (D 1,1,11)
12 71 190.00 12 (D 1,1,12) (S 99,37,38) (S 91,28,38) (S 59,25,28) (S 13,17,17) (S 12,16,16) (S 93,16,9) (S 6,9,9) (S 36,3,4) (S 94,4,10) (S 89,10,17) (D 1,1,12)
13 46 199.00 7 (D 1,1,13) (S 29,44,44) (S 55,44,50) (S 16,24,24) (S 58,17,25) (S 57,16,17) (D 1,1,13)
