1382.00
8
47000000
47000000
1 64 153.00 20 (D 1,1,1) (S 1,2,2) (S 45,8,7) (S 40,7,8) (S 27,3,9) (S 89,3,2) (S 36,8,9) (S 3,10,10) (S 4,11,11) (S 9,17,17) (S 33,11,17) (S 31,4,5) (S 2,4,4) (S 53,4,10) (S 35,10,11) (S 44,11,5) (S 5,12,12) (S 93,12,11) (S 74,16,15) (D 1,1,1)
2 74 209.00 13 (D 1,1,2) (S 73,1,2) (S 52,2,8) (S 34,9,10) (S 28,17,18) (S 94,22,28) (S 84,28,22) (S 83,20,17) (S 88,6,12) (S 32,11,16) (S 8,16,16) (S 85,27,21) (D 1,1,2)
3 74 161.00 13 (D 1,1,3) (S 55,1,7) (S 38,7,1) (S 23,9,14) (S 61,14,24) (S 24,24,25) (S 75,25,26) (S 15,26,26) (S 50,19,20) (S 11,20,20) (S 25,20,21) (S 30,21,22) (D 1,1,3)
4 74 183.00 9 (D 1,1,4) (S 47,3,4) (S 29,5,6) (S 91,24,14) (S 6,14,14) (S 13,24,24) (S 14,25,25) (S 72,26,32) (D 1,1,4)
5 75 209.00 9 (D 1,1,5) (S 60,8,2) (S 77,26,19) (S 10,19,19) (S 54,18,22) (S 64,27,20) (S 58,28,27) (S 16,27,27) (D 1,1,5)
6 24 49.00 3 (D 1,1,6) (S 7,15,15) (D 1,1,6)
7 71 284.00 16 (D 1,1,7) (S 37,32,26) (S 22,40,40) (S 63,40,41) (S 46,41,40) (S 71,41,37) (S 51,37,33) (S 39,33,27) (S 90,32,36) (S 26,36,40) (S 42,36,35) (S 20,35,35) (S 76,35,36) (S 65,36,37) (S 68,37,41) (D 1,1,7)
8 13 134.00 4 (D 1,1,8) (S 78,36,32) (S 57,37,36) (D 1,1,8)
