9418.00
8
16000000
16000000
1 48 130.00 3 (D 21,1,1) (S 19,16,15) (D 21,1,1)
2 522 717.00 5 (D 21,1,2) (S 20,17,16) (S 8,7,13) (S 16,13,15) (D 21,1,2)
3 316 616.00 5 (D 21,1,3) (S 30,21,22) (S 7,7,6) (S 15,12,13) (D 21,1,3)
4 358 721.00 5 (D 21,1,4) (S 12,10,9) (S 10,9,8) (S 5,6,1) (D 21,1,4)
5 1111 1671.00 7 (D 21,1,5) (S 11,10,4) (S 3,4,5) (S 14,11,10) (S 24,18,19) (S 27,19,30) (D 21,1,5)
6 909 1132.00 5 (D 21,1,6) (S 18,16,8) (S 9,8,7) (S 6,6,12) (D 21,1,6)
7 1723 2042.00 7 (D 21,1,7) (S 22,17,22) (S 21,17,18) (S 25,18,23) (S 32,23,22) (S 31,22,17) (D 21,1,7)
8 1791 2389.00 7 (D 21,1,8) (S 29,21,17) (S 26,19,10) (S 4,5,11) (S 13,10,18) (S 23,18,10) (D 21,1,8)
