353.00
10
15000000
15000000
1 5 41.00 7 (D 1,1,1) (S 21,1,12) (S 3,6,6) (S 11,6,12) (S 4,7,7) (S 5,8,8) (D 1,1,1)
2 5 33.00 6 (D 1,1,2) (S 24,1,2) (S 1,2,2) (S 13,2,4) (S 17,4,13) (D 1,1,2)
3 1 18.00 3 (D 1,1,3) (S 14,1,4) (D 1,1,3)
4 1 20.00 3 (D 1,1,4) (S 7,10,10) (D 1,1,4)
5 1 20.00 3 (D 1,1,5) (S 22,1,10) (D 1,1,5)
6 2 46.00 4 (D 1,1,6) (S 12,5,6) (S 25,12,13) (D 1,1,6)
7 3 65.00 5 (D 1,1,7) (S 8,5,12) (S 20,7,8) (S 10,8,11) (D 1,1,7)
8 1 33.00 3 (D 1,1,8) (S 16,5,13) (D 1,1,8)
9 1 36.00 3 (D 1,1,9) (S 23,5,11) (D 1,1,9)
10 1 41.00 3 (D 1,1,10) (S 9,7,12) (D 1,1,10)
