707.00
6
31000000
31000000
1 131 264.00 28 (D 1,1,1) (S 27,1,2) (S 23,36,36) (S 72,6,12) (S 50,12,6) (S 9,12,12) (S 10,13,13) (S 36,7,13) (S 28,13,18) (S 51,22,25) (S 71,25,22) (S 30,21,22) (S 59,25,24) (S 67,24,25) (S 34,20,21) (S 25,21,24) (S 14,20,20) (S 69,17,13) (S 49,13,12) (S 12,17,17) (S 45,17,18) (S 13,18,18) (S 26,6,7) (S 73,12,13) (S 31,12,17) (S 39,18,22) (S 58,20,17) (D 1,1,1)
2 27 38.00 6 (D 1,1,2) (S 64,1,35) (S 22,35,35) (S 52,35,1) (S 60,1,6) (D 1,1,2)
3 34 54.00 7 (D 1,1,3) (S 7,10,10) (S 6,9,9) (S 78,9,15) (S 11,15,15) (S 35,14,15) (D 1,1,3)
4 14 24.00 4 (D 1,1,4) (S 8,11,11) (S 76,11,12) (D 1,1,4)
5 133 219.00 17 (D 1,1,5) (S 68,1,8) (S 66,8,9) (S 43,9,10) (S 1,2,2) (S 44,2,36) (S 61,36,35) (S 16,26,26) (S 75,26,34) (S 21,33,33) (S 32,33,34) (S 77,34,26) (S 38,26,33) (S 46,34,35) (S 37,1,40) (S 74,1,11) (D 1,1,5)
6 45 108.00 5 (D 1,1,6) (S 42,1,10) (S 5,8,8) (S 41,28,35) (D 1,1,6)
