1455.00
7
32000000
32000000
1 73 179.00 16 (D 1,1,1) (S 50,1,6) (S 63,6,1) (S 2,6,6) (S 49,1,7) (S 3,7,7) (S 53,7,1) (S 38,12,13) (S 7,13,13) (S 68,13,7) (S 10,19,19) (S 28,19,25) (S 43,25,30) (S 20,31,31) (S 79,30,25) (D 1,1,1)
2 75 183.00 14 (D 1,1,2) (S 47,12,18) (S 57,18,12) (S 23,12,19) (S 74,25,29) (S 24,29,30) (S 35,30,31) (S 19,29,29) (S 80,26,20) (S 11,20,20) (S 66,20,26) (S 37,26,27) (S 76,20,14) (D 1,1,2)
3 73 177.00 14 (D 1,1,3) (S 40,6,12) (S 34,14,15) (S 72,14,20) (S 78,15,9) (S 77,9,15) (S 27,9,10) (S 1,4,4) (S 29,4,10) (S 5,10,10) (S 70,10,11) (S 61,11,17) (S 48,17,11) (D 1,1,3)
4 75 192.00 12 (D 1,1,4) (S 36,1,2) (S 4,8,8) (S 52,8,9) (S 62,3,10) (S 65,3,4) (S 6,11,11) (S 67,11,10) (S 45,3,2) (S 33,13,14) (S 16,26,26) (D 1,1,4)
5 74 226.00 10 (D 1,1,5) (S 75,18,29) (S 17,27,27) (S 8,15,15) (S 30,3,9) (S 39,4,11) (S 46,17,24) (S 22,33,33) (S 31,33,34) (D 1,1,5)
6 73 235.00 8 (D 1,1,6) (S 69,6,18) (S 73,19,18) (S 54,2,8) (S 26,2,13) (S 42,34,28) (S 71,28,27) (D 1,1,6)
7 65 263.00 7 (D 1,1,7) (S 25,25,26) (S 15,24,24) (S 41,24,34) (S 18,28,28) (S 56,34,24) (D 1,1,7)
