179.00
11
16000000
16000000
1 11 21.00 6 (D 1,1,1) (S 8,1,2) (S 2,3,3) (S 4,5,5) (S 15,5,7) (D 1,1,1)
2 8 11.00 4 (D 1,1,2) (S 6,1,3) (S 10,3,5) (D 1,1,2)
3 4 6.00 3 (D 1,1,3) (S 16,1,5) (D 1,1,3)
4 18 27.00 6 (D 1,1,4) (S 1,2,2) (S 3,4,4) (S 11,4,6) (S 5,6,6) (D 1,1,4)
5 3 7.00 3 (D 1,1,5) (S 13,1,7) (D 1,1,5)
6 2 9.00 3 (D 1,1,6) (S 12,3,6) (D 1,1,6)
7 9 22.00 4 (D 1,1,7) (S 7,1,4) (S 14,4,7) (D 1,1,7)
8 16 33.00 4 (D 1,1,8) (S 9,2,4) (S 17,1,6) (D 1,1,8)
9 5 13.00 3 (D 1,1,9) (S 20,2,6) (D 1,1,9)
10 6 14.00 3 (D 1,1,10) (S 19,2,7) (D 1,1,10)
11 7 16.00 3 (D 1,1,11) (S 18,3,7) (D 1,1,11)
