1020.00
6
0
0
1 5 79.00 7 (D 1,1,1) (S 4,2,2) (S 1,11,11) (S 2,3,3) (S 14,3,5) (S 3,6,6) (D 1,1,1)
2 5 144.00 7 (D 1,1,2) (S 27,10,8) (S 24,8,10) (S 22,8,7) (S 9,12,1) (S 5,1,2) (D 1,1,2)
3 5 166.00 7 (D 1,1,3) (S 16,4,11) (S 21,6,12) (S 11,2,4) (S 17,5,6) (S 20,6,7) (D 1,1,3)
4 5 202.00 7 (D 1,1,4) (S 6,1,4) (S 18,11,5) (S 19,5,12) (S 26,12,11) (S 15,11,3) (D 1,1,4)
5 5 196.00 7 (D 1,1,5) (S 7,1,7) (S 23,7,12) (S 29,1,10) (S 12,9,2) (S 10,2,3) (D 1,1,5)
6 4 233.00 6 (D 1,1,6) (S 28,10,9) (S 25,9,10) (S 8,10,1) (S 13,3,4) (D 1,1,6)
