854.00
8
31000000
31000000
1 34 80.00 10 (D 1,1,1) (S 22,31,31) (S 27,1,31) (S 53,6,11) (S 46,11,6) (S 34,11,12) (S 50,12,13) (S 3,4,4) (S 31,4,13) (D 1,1,1)
2 49 133.00 9 (D 1,1,2) (S 39,7,6) (S 4,6,6) (S 54,5,31) (S 23,1,7) (S 13,18,18) (S 40,18,19) (S 36,19,18) (D 1,1,2)
3 50 123.00 9 (D 1,1,3) (S 5,7,7) (S 48,10,5) (S 38,5,6) (S 7,10,10) (S 45,5,10) (S 24,10,11) (S 44,9,4) (D 1,1,3)
4 50 153.00 9 (D 1,1,4) (S 47,12,11) (S 42,12,18) (S 37,18,12) (S 51,21,18) (S 28,19,21) (S 55,19,22) (S 14,19,19) (D 1,1,4)
5 18 42.00 3 (D 1,1,5) (S 8,13,13) (D 1,1,5)
6 47 89.00 6 (D 1,1,6) (S 6,9,9) (S 26,3,9) (S 43,3,2) (S 1,2,2) (D 1,1,6)
7 49 154.00 6 (D 1,1,7) (S 32,8,9) (S 2,3,3) (S 30,8,12) (S 29,20,22) (D 1,1,7)
8 14 80.00 3 (D 1,1,8) (S 33,21,22) (D 1,1,8)
