1293.00
8
47000000
47000000
1 31 69.00 16 (D 1,1,1) (S 94,9,14) (S 79,15,23) (S 65,23,29) (S 90,29,23) (S 101,28,27) (S 106,27,28) (S 64,27,35) (S 17,35,35) (S 63,34,35) (S 76,36,38) (S 68,38,36) (S 24,46,46) (S 55,38,37) (S 19,37,37) (D 1,1,1)
2 34 60.00 11 (D 1,1,2) (S 110,1,9) (S 104,14,15) (S 7,15,15) (S 48,23,28) (S 109,27,26) (S 10,20,20) (S 78,20,25) (S 52,25,20) (S 13,25,25) (D 1,1,2)
3 21 36.00 8 (D 1,1,3) (S 92,1,15) (S 11,23,23) (S 82,23,22) (S 70,21,13) (S 114,13,21) (S 57,21,20) (D 1,1,3)
4 235 519.00 52 (D 1,1,4) (S 100,5,6) (S 60,6,5) (S 71,6,7) (S 56,7,4) (S 91,4,7) (S 86,12,11) (S 84,11,12) (S 37,18,19) (S 51,18,17) (S 107,31,32) (S 15,32,32) (S 39,10,11) (S 93,7,6) (S 38,6,11) (S 45,11,18) (S 42,16,17) (S 41,31,39) (S 77,38,30) (S 98,30,29) (S 12,24,24) (S 31,24,29) (S 14,29,29) (S 103,24,17) (S 47,10,17) (S 112,39,38) (S 117,35,34) (S 44,35,36) (S 99,30,38) (S 54,38,46) (S 89,46,38) (S 18,36,36) (S 88,42,41) (S 75,41,42) (S 16,33,33) (S 49,33,34) (S 61,26,27) (S 5,13,13) (S 34,21,26) (S 43,21,22) (S 59,22,13) (S 69,22,23) (S 27,28,36) (S 97,43,42) (S 72,41,33) (S 29,26,34) (S 30,34,42) (S 22,43,43) (S 58,45,46) (S 118,3,2) (S 83,2,3) (D 1,1,4)
5 157 298.00 23 (D 1,1,5) (S 53,9,1) (S 6,14,14) (S 95,15,1) (S 66,15,16) (S 8,16,16) (S 21,40,40) (S 20,39,39) (S 32,39,40) (S 33,28,29) (S 87,22,28) (S 81,13,8) (S 3,8,8) (S 111,8,13) (S 28,35,43) (S 73,48,49) (S 25,49,49) (S 80,49,48) (S 113,48,45) (S 23,45,45) (S 36,44,45) (S 116,44,37) (D 1,1,5)
6 39 71.00 7 (D 1,1,6) (S 105,1,5) (S 46,7,12) (S 85,12,19) (S 1,2,2) (S 2,3,3) (D 1,1,6)
7 47 132.00 7 (D 1,1,7) (S 108,14,22) (S 40,43,48) (S 50,45,48) (S 67,17,31) (S 62,4,3) (D 1,1,7)
8 66 108.00 6 (D 1,1,8) (S 115,9,13) (S 9,17,17) (S 4,10,10) (S 35,19,32) (D 1,1,8)
