309.00
10
0
0
1 3 29.00 5 (D 1,1,1) (S 10,1,2) (S 8,2,9) (S 2,4,4) (D 1,1,1)
2 3 33.00 5 (D 1,1,2) (S 5,7,7) (S 17,7,8) (S 6,10,10) (D 1,1,2)
3 2 32.00 4 (D 1,1,3) (S 7,1,7) (S 11,8,10) (D 1,1,3)
4 1 20.00 3 (D 1,1,4) (S 18,1,10) (D 1,1,4)
5 1 23.00 3 (D 1,1,5) (S 14,2,4) (D 1,1,5)
6 1 30.00 3 (D 1,1,6) (S 13,9,11) (D 1,1,6)
7 4 40.00 5 (D 1,1,7) (S 1,3,3) (S 16,3,5) (S 3,5,5) (D 1,1,7)
8 1 32.00 3 (D 1,1,8) (S 9,9,10) (D 1,1,8)
9 1 32.00 3 (D 1,1,9) (S 12,2,3) (D 1,1,9)
10 1 38.00 3 (D 1,1,10) (S 15,8,11) (D 1,1,10)
