657.00
11
0
0
1 14 33.00 4 (D 1,1,1) (S 4,5,5) (S 8,9,9) (D 1,1,1)
2 39 43.00 4 (D 1,1,2) (S 12,1,7) (S 6,7,7) (D 1,1,2)
3 17 36.00 4 (D 1,1,3) (S 10,1,5) (S 17,5,9) (D 1,1,3)
4 37 105.00 6 (D 1,1,4) (S 9,4,2) (S 3,4,4) (S 19,4,5) (S 16,5,7) (D 1,1,4)
5 16 27.00 3 (D 1,1,5) (S 13,1,9) (D 1,1,5)
6 31 59.00 4 (D 1,1,6) (S 1,2,2) (S 15,2,8) (D 1,1,6)
7 26 112.00 5 (D 1,1,7) (S 11,2,1) (S 5,6,6) (S 20,6,7) (D 1,1,7)
8 14 61.00 4 (D 1,1,8) (S 14,4,3) (S 18,3,6) (D 1,1,8)
9 27 55.00 3 (D 1,1,9) (S 7,8,8) (D 1,1,9)
10 5 61.00 3 (D 1,1,10) (S 21,3,7) (D 1,1,10)
11 19 65.00 3 (D 1,1,11) (S 2,3,3) (D 1,1,11)
