255.00
8
15000000
15000000
1 3 9.00 4 (D 1,1,1) (S 4,7,7) (S 5,8,8) (D 1,1,1)
2 22 53.00 9 (D 1,1,2) (S 15,1,7) (S 11,7,9) (S 6,9,9) (S 16,1,10) (S 2,3,3) (S 8,3,10) (S 22,6,11) (D 1,1,2)
3 5 7.00 3 (D 1,1,3) (S 23,1,8) (D 1,1,3)
4 11 24.00 4 (D 1,1,4) (S 12,1,9) (S 20,7,8) (D 1,1,4)
5 22 31.00 5 (D 1,1,5) (S 21,1,6) (S 3,6,6) (S 7,11,11) (D 1,1,5)
6 22 79.00 7 (D 1,1,6) (S 31,1,5) (S 18,5,7) (S 26,7,10) (S 9,3,6) (S 10,6,10) (D 1,1,6)
7 7 18.00 3 (D 1,1,7) (S 19,3,11) (D 1,1,7)
8 9 34.00 3 (D 1,1,8) (S 29,3,5) (D 1,1,8)
