418.00
6
31000000
31000000
1 34 57.00 10 (D 1,1,1) (S 69,1,2) (S 51,2,1) (S 62,1,6) (S 28,6,12) (S 5,6,6) (S 59,6,1) (S 1,2,2) (S 19,29,29) (D 1,1,1)
2 79 153.00 13 (D 1,1,2) (S 7,10,10) (S 37,10,16) (S 10,15,15) (S 47,15,9) (S 64,9,10) (S 66,9,15) (S 36,15,16) (S 29,11,16) (S 8,11,11) (S 32,1,40) (S 53,36,29) (D 1,1,2)
3 19 43.00 6 (D 1,1,3) (S 43,12,13) (S 38,7,13) (S 70,7,6) (S 11,17,17) (D 1,1,3)
4 25 30.00 4 (D 1,1,4) (S 39,2,36) (S 24,36,36) (D 1,1,4)
5 13 49.00 4 (D 1,1,5) (S 48,12,11) (S 71,12,17) (D 1,1,5)
6 39 86.00 5 (D 1,1,6) (S 31,1,10) (S 44,13,12) (S 9,13,13) (D 1,1,6)
