1204.00
8
16000000
16000000
1 65 187.00 17 (D 1,1,1) (S 1,2,2) (S 47,2,9) (S 64,9,15) (S 51,10,9) (S 55,9,10) (S 32,10,15) (S 45,14,17) (S 39,17,14) (S 16,25,25) (S 49,25,29) (S 37,29,22) (S 53,22,29) (S 33,22,25) (S 48,22,21) (S 61,21,29) (D 1,1,1)
2 65 153.00 9 (D 1,1,2) (S 22,1,2) (S 65,9,2) (S 50,3,2) (S 6,9,9) (S 30,15,19) (S 10,15,15) (S 59,7,4) (D 1,1,2)
3 64 207.00 9 (D 1,1,3) (S 28,10,19) (S 9,14,14) (S 12,18,18) (S 54,18,15) (S 34,17,22) (S 19,29,29) (S 4,7,7) (D 1,1,3)
4 56 155.00 11 (D 1,1,4) (S 27,3,10) (S 31,17,18) (S 46,13,8) (S 36,8,13) (S 52,13,16) (S 60,16,11) (S 56,11,12) (S 62,12,11) (S 40,11,16) (D 1,1,4)
5 65 193.00 9 (D 1,1,5) (S 35,14,15) (S 41,17,13) (S 44,8,14) (S 3,5,5) (S 29,5,8) (S 25,7,8) (S 8,12,12) (D 1,1,5)
6 35 107.00 4 (D 1,1,6) (S 14,21,21) (S 7,11,11) (D 1,1,6)
7 42 106.00 4 (D 1,1,7) (S 42,7,12) (S 11,16,16) (D 1,1,7)
8 49 96.00 4 (D 1,1,8) (S 5,8,8) (S 2,4,4) (D 1,1,8)
