1366.00
7
31000000
31000000
1 150 362.00 38 (D 1,1,1) (S 62,1,5) (S 4,5,5) (S 52,5,1) (S 3,4,4) (S 5,6,6) (S 56,11,12) (S 6,7,7) (S 66,7,8) (S 50,8,13) (S 12,17,17) (S 49,17,18) (S 78,18,23) (S 76,23,30) (S 18,25,25) (S 15,22,22) (S 53,22,21) (S 14,21,21) (S 75,21,22) (S 73,29,25) (S 58,25,29) (S 81,25,22) (S 39,22,29) (S 21,29,29) (S 70,21,28) (S 17,24,24) (S 40,24,28) (S 55,28,24) (S 22,20,24) (S 45,28,21) (S 11,16,16) (S 41,16,20) (S 72,20,27) (S 19,27,27) (S 60,27,20) (S 80,20,21) (S 44,30,25) (D 1,1,1)
2 149 335.00 22 (D 1,1,2) (S 46,1,8) (S 83,8,1) (S 31,1,2) (S 1,2,2) (S 68,9,15) (S 10,15,15) (S 9,14,14) (S 47,13,8) (S 57,8,7) (S 26,7,12) (S 8,12,12) (S 67,8,5) (S 71,4,6) (S 37,6,11) (S 43,11,16) (S 59,16,11) (S 79,16,13) (S 32,13,14) (S 82,13,16) (S 28,16,21) (D 1,1,2)
3 11 30.00 4 (D 1,1,3) (S 61,9,10) (S 2,3,3) (D 1,1,3)
4 21 75.00 5 (D 1,1,4) (S 65,9,2) (S 30,4,5) (S 69,10,3) (D 1,1,4)
5 150 368.00 19 (D 1,1,5) (S 24,8,14) (S 29,14,15) (S 23,18,19) (S 42,18,17) (S 77,23,18) (S 54,30,23) (S 16,23,23) (S 38,26,30) (S 63,26,18) (S 64,18,26) (S 20,28,28) (S 13,20,20) (S 34,21,29) (S 35,22,23) (S 33,15,19) (S 27,13,17) (S 25,16,17) (D 1,1,5)
6 40 53.00 4 (D 1,1,6) (S 51,1,9) (S 7,10,10) (D 1,1,6)
7 45 143.00 5 (D 1,1,7) (S 36,8,9) (S 74,15,8) (S 48,28,27) (D 1,1,7)
