1217.00
14
47000000
47000000
1 133 242.00 33 (D 1,1,1) (S 68,17,18) (S 12,18,18) (S 64,18,11) (S 56,11,12) (S 2,4,4) (S 1,3,3) (S 46,3,4) (S 96,6,5) (S 3,5,5) (S 98,2,3) (S 4,6,6) (S 104,5,6) (S 48,6,11) (S 100,11,18) (S 8,12,12) (S 72,7,4) (S 54,3,6) (S 57,2,5) (S 86,1,16) (S 15,24,24) (S 83,24,23) (S 14,23,23) (S 55,23,29) (S 71,29,30) (S 60,30,29) (S 92,29,24) (S 38,15,24) (S 63,24,30) (S 67,30,38) (S 106,38,37) (S 24,37,37) (D 1,1,1)
2 55 115.00 16 (D 1,1,2) (S 36,16,17) (S 10,15,15) (S 102,15,1) (S 90,16,1) (S 45,14,23) (S 66,22,21) (S 70,21,13) (S 82,13,21) (S 13,21,21) (S 78,21,22) (S 18,27,27) (S 16,25,25) (S 39,25,33) (S 21,33,33) (D 1,1,2)
3 21 54.00 8 (D 1,1,3) (S 52,14,15) (S 74,23,22) (S 91,21,20) (S 97,20,21) (S 9,13,13) (S 84,20,25) (D 1,1,3)
4 38 64.00 7 (D 1,1,4) (S 11,17,17) (S 37,17,24) (S 103,28,27) (S 17,26,26) (S 65,26,25) (D 1,1,4)
5 39 73.00 7 (D 1,1,5) (S 33,15,16) (S 43,14,22) (S 85,22,28) (S 19,28,28) (S 47,26,27) (D 1,1,5)
6 35 87.00 6 (D 1,1,6) (S 50,10,17) (S 30,7,12) (S 62,5,1) (S 59,29,37) (D 1,1,6)
7 10 35.00 4 (D 1,1,7) (S 76,22,13) (S 5,8,8) (D 1,1,7)
8 76 161.00 17 (D 1,1,8) (S 77,22,23) (S 25,38,38) (S 51,46,50) (S 58,50,49) (S 61,49,50) (S 79,50,45) (S 42,45,46) (S 75,45,50) (S 87,49,45) (S 28,45,45) (S 29,48,48) (S 22,34,34) (S 27,42,42) (S 34,41,42) (S 94,41,33) (D 1,1,8)
9 32 72.00 5 (D 1,1,9) (S 88,30,17) (S 7,10,10) (S 105,29,28) (D 1,1,9)
10 39 83.00 6 (D 1,1,10) (S 41,38,46) (S 89,45,48) (S 73,35,34) (S 32,34,42) (D 1,1,10)
11 27 49.00 4 (D 1,1,11) (S 80,13,9) (S 6,9,9) (D 1,1,11)
12 11 35.00 3 (D 1,1,12) (S 95,13,8) (D 1,1,12)
13 21 68.00 4 (D 1,1,13) (S 53,43,44) (S 23,35,35) (D 1,1,13)
14 26 79.00 4 (D 1,1,14) (S 35,43,48) (S 101,43,35) (D 1,1,14)
