246.00
6
31000000
31000000
1 43 75.00 19 (D 1,1,1) (S 24,1,3) (S 1,3,3) (S 22,3,9) (S 4,9,9) (S 26,9,19) (S 16,19,20) (S 9,20,20) (S 36,19,9) (S 41,20,21) (S 10,21,21) (S 7,12,12) (S 12,12,16) (S 14,16,17) (S 27,13,12) (S 37,17,13) (S 23,13,14) (S 8,14,14) (D 1,1,1)
2 40 66.00 12 (D 1,1,2) (S 31,3,1) (S 15,1,2) (S 21,2,4) (S 32,4,3) (S 28,15,11) (S 6,11,11) (S 2,5,5) (S 20,5,10) (S 5,10,10) (S 34,6,12) (D 1,1,2)
3 3 11.00 3 (D 1,1,3) (S 33,15,16) (D 1,1,3)
4 24 55.00 8 (D 1,1,4) (S 18,15,21) (S 11,5,11) (S 19,5,6) (S 29,6,7) (S 3,7,7) (S 40,7,6) (D 1,1,4)
5 9 20.00 4 (D 1,1,5) (S 17,19,22) (S 30,24,21) (D 1,1,5)
6 9 19.00 4 (D 1,1,6) (S 38,22,23) (S 13,23,24) (D 1,1,6)
