344.00
8
16000000
16000000
1 35 75.00 10 (D 1,1,1) (S 17,1,5) (S 1,2,2) (S 2,4,4) (S 6,10,10) (S 24,3,9) (S 23,3,10) (S 41,9,19) (S 35,19,9) (D 1,1,1)
2 37 67.00 8 (D 1,1,2) (S 14,20,20) (S 15,21,21) (S 16,23,23) (S 25,22,23) (S 33,21,24) (S 38,24,21) (D 1,1,2)
3 43 72.00 5 (D 1,1,3) (S 40,2,4) (S 19,3,4) (S 13,19,19) (D 1,1,3)
4 2 9.00 3 (D 1,1,4) (S 42,5,4) (D 1,1,4)
5 9 12.00 3 (D 1,1,5) (S 29,1,9) (D 1,1,5)
6 13 17.00 3 (D 1,1,6) (S 34,1,19) (D 1,1,6)
7 37 50.00 5 (D 1,1,7) (S 20,1,20) (S 31,20,21) (S 21,21,23) (D 1,1,7)
8 30 42.00 4 (D 1,1,8) (S 3,5,5) (S 18,2,5) (D 1,1,8)
