49853.00
22
78000000
78000000
1 1649 3386.00 25 (D 38,1,1) (S 98,38,52) (S 161,66,65) (S 106,41,54) (S 141,55,67) (S 163,67,68) (S 105,41,40) (S 101,39,38) (S 99,39,22) (S 12,21,21) (S 64,20,19) (S 42,4,5) (S 45,6,20) (S 10,18,18) (S 57,16,1) (S 41,3,18) (S 59,17,16) (S 124,49,35) (S 93,35,34) (S 92,34,48) (S 125,49,50) (S 33,63,63) (S 153,62,61) (S 67,21,37) (D 38,1,1)
2 1593 2707.00 15 (D 38,1,2) (S 100,39,23) (S 71,23,39) (S 104,40,39) (S 61,19,4) (S 43,5,6) (S 4,6,6) (S 46,6,21) (S 18,37,37) (S 135,53,54) (S 139,54,65) (S 50,11,12) (S 8,14,14) (S 84,29,13) (D 38,1,2)
3 1619 2858.00 15 (D 38,1,3) (S 127,50,37) (S 97,37,38) (S 49,10,11) (S 52,12,28) (S 14,27,27) (S 78,26,25) (S 76,25,41) (S 47,8,9) (S 83,28,27) (S 81,27,26) (S 51,12,13) (S 56,15,31) (S 165,69,56) (D 38,1,3)
4 1634 2616.00 12 (D 38,1,4) (S 130,51,63) (S 147,60,48) (S 60,18,17) (S 2,2,2) (S 38,2,3) (S 40,3,4) (S 62,19,35) (S 91,34,18) (S 146,59,60) (S 128,50,51) (D 38,1,4)
5 1520 2166.00 9 (D 38,1,5) (S 27,51,51) (S 158,64,65) (S 140,54,66) (S 159,65,53) (S 157,63,64) (S 13,24,24) (S 6,8,8) (D 38,1,5)
6 1547 2298.00 9 (D 38,1,6) (S 129,51,37) (S 154,63,51) (S 156,63,62) (S 148,61,49) (S 94,36,20) (S 65,20,35) (S 90,33,34) (D 38,1,6)
7 1638 2546.00 9 (D 38,1,7) (S 107,41,55) (S 110,42,43) (S 166,69,68) (S 142,56,42) (S 22,42,42) (S 108,41,56) (S 37,1,2) (D 38,1,7)
8 1533 2086.00 8 (D 38,1,8) (S 137,54,41) (S 162,67,66) (S 160,65,54) (S 7,11,11) (S 15,28,28) (S 79,26,42) (D 38,1,8)
9 1460 1799.00 7 (D 38,1,9) (S 151,61,62) (S 152,62,50) (S 126,50,36) (S 63,20,5) (S 3,5,5) (D 38,1,9)
10 1360 1568.00 6 (D 38,1,10) (S 155,63,52) (S 19,39,39) (S 70,23,7) (S 5,7,7) (D 38,1,10)
11 1643 2300.00 8 (D 38,1,11) (S 103,40,24) (S 72,24,8) (S 48,9,10) (S 55,14,30) (S 86,30,29) (S 54,14,15) (D 38,1,11)
12 1632 2085.00 7 (D 38,1,12) (S 134,53,52) (S 132,52,53) (S 29,53,53) (S 138,54,55) (S 44,6,7) (D 38,1,12)
13 1623 2504.00 7 (D 38,1,13) (S 20,40,40) (S 73,24,9) (S 53,13,14) (S 16,30,30) (S 89,32,59) (D 38,1,13)
14 1638 2207.00 7 (D 38,1,14) (S 68,22,21) (S 66,21,20) (S 11,19,19) (S 122,48,34) (S 58,16,32) (D 38,1,14)
15 1383 1737.00 6 (D 38,1,15) (S 102,39,52) (S 136,54,40) (S 74,24,39) (S 69,22,23) (D 38,1,15)
16 1604 2241.00 7 (D 38,1,16) (S 131,52,51) (S 149,61,50) (S 95,36,35) (S 39,2,17) (S 88,32,33) (D 38,1,16)
17 1506 1824.00 6 (D 38,1,17) (S 21,41,41) (S 164,68,56) (S 109,42,41) (S 30,54,54) (D 38,1,17)
18 1625 1982.00 6 (D 38,1,18) (S 28,52,52) (S 133,53,39) (S 34,66,66) (S 96,36,37) (D 38,1,18)
19 1622 1965.00 6 (D 38,1,19) (S 32,62,62) (S 150,61,60) (S 123,48,49) (S 26,49,49) (D 38,1,19)
20 1445 2251.00 6 (D 38,1,20) (S 111,43,69) (S 35,68,68) (S 77,26,10) (S 80,27,11) (D 38,1,20)
21 1566 2889.00 6 (D 38,1,21) (S 82,27,43) (S 17,33,33) (S 1,1,1) (S 85,29,28) (D 38,1,21)
22 1207 1838.00 5 (D 38,1,22) (S 75,25,9) (S 9,15,15) (S 87,31,30) (D 38,1,22)
