1124.00
6
47000000
47000000
1 130 314.00 27 (D 1,1,1) (S 5,7,7) (S 67,7,1) (S 60,1,7) (S 9,13,13) (S 11,15,15) (S 47,15,14) (S 83,14,23) (S 17,24,24) (S 36,23,24) (S 41,23,14) (S 70,14,15) (S 10,14,14) (S 45,14,24) (S 89,24,14) (S 86,23,29) (S 48,29,23) (S 77,23,13) (S 66,13,23) (S 21,30,30) (S 49,30,29) (S 25,35,35) (S 82,35,36) (S 64,36,39) (S 51,34,35) (S 73,20,19) (D 1,1,1)
2 78 194.00 14 (D 1,1,2) (S 56,7,13) (S 54,13,14) (S 71,24,30) (S 22,31,31) (S 43,31,35) (S 27,39,39) (S 55,38,34) (S 24,34,34) (S 79,34,38) (S 31,38,39) (S 87,36,40) (S 38,40,41) (D 1,1,2)
3 70 170.00 12 (D 1,1,3) (S 63,29,34) (S 93,36,35) (S 23,32,32) (S 20,27,27) (S 30,21,27) (S 28,27,32) (S 85,32,31) (S 18,25,25) (S 72,25,26) (S 19,26,26) (D 1,1,3)
4 58 163.00 7 (D 1,1,4) (S 29,30,31) (S 39,25,31) (S 35,35,39) (S 52,36,32) (S 42,32,26) (D 1,1,4)
5 18 96.00 5 (D 1,1,5) (S 84,21,20) (S 14,19,19) (S 92,19,26) (D 1,1,5)
6 68 187.00 8 (D 1,1,6) (S 37,21,22) (S 16,22,22) (S 15,20,20) (S 90,20,21) (S 32,27,28) (S 62,25,15) (D 1,1,6)
