389.00
6
0
0
1 37 92.00 12 (D 1,1,1) (S 25,1,6) (S 10,8,9) (S 6,9,9) (S 23,4,6) (S 18,6,8) (S 3,4,4) (S 7,4,8) (S 5,7,7) (S 21,5,7) (S 20,5,6) (D 1,1,1)
2 36 103.00 11 (D 1,1,2) (S 28,1,7) (S 13,7,8) (S 14,4,9) (S 4,6,6) (S 17,6,7) (S 12,2,5) (S 16,2,9) (S 11,2,3) (S 27,3,8) (D 1,1,2)
3 35 124.00 8 (D 1,1,3) (S 30,1,4) (S 9,3,6) (S 15,3,4) (S 22,5,8) (S 19,2,6) (S 8,5,9) (D 1,1,3)
4 33 48.00 5 (D 1,1,4) (S 24,1,5) (S 1,2,2) (S 2,3,3) (D 1,1,4)
5 5 10.00 3 (D 1,1,5) (S 29,1,8) (D 1,1,5)
6 7 12.00 3 (D 1,1,6) (S 26,1,3) (D 1,1,6)
