522.00
12
16000000
16000000
1 21 23.00 4 (D 1,1,1) (S 34,1,9) (S 8,9,9) (D 1,1,1)
2 24 66.00 12 (D 1,1,2) (S 4,5,5) (S 19,5,8) (S 11,1,8) (S 36,4,6) (S 27,6,11) (S 10,3,11) (S 22,3,7) (S 21,7,11) (S 29,3,6) (S 33,6,9) (D 1,1,2)
3 23 56.00 9 (D 1,1,3) (S 25,1,10) (S 31,4,5) (S 30,5,10) (S 28,10,11) (S 9,11,11) (S 39,7,10) (S 38,4,9) (D 1,1,3)
4 26 59.00 7 (D 1,1,4) (S 17,1,2) (S 12,2,3) (S 26,3,8) (S 37,1,3) (S 18,3,4) (D 1,1,4)
5 26 68.00 6 (D 1,1,5) (S 24,1,6) (S 20,6,7) (S 14,4,10) (S 16,5,6) (D 1,1,5)
6 27 47.00 5 (D 1,1,6) (S 35,1,7) (S 6,7,7) (S 32,5,9) (D 1,1,6)
7 23 55.00 5 (D 1,1,7) (S 23,1,5) (S 15,8,10) (S 13,2,5) (D 1,1,7)
8 15 30.00 3 (D 1,1,8) (S 5,6,6) (D 1,1,8)
9 17 19.00 3 (D 1,1,9) (S 7,8,8) (D 1,1,9)
10 15 27.00 3 (D 1,1,10) (S 2,3,3) (D 1,1,10)
11 24 36.00 3 (D 1,1,11) (S 1,2,2) (D 1,1,11)
12 25 36.00 3 (D 1,1,12) (S 3,4,4) (D 1,1,12)
