726.00
8
31000000
31000000
1 50 118.00 12 (D 1,1,1) (S 43,1,2) (S 37,2,1) (S 27,3,9) (S 54,3,2) (S 40,2,3) (S 2,3,3) (S 38,9,4) (S 3,4,4) (S 50,4,9) (S 9,12,12) (D 1,1,1)
2 49 92.00 8 (D 1,1,2) (S 1,2,2) (S 24,9,13) (S 10,13,13) (S 8,11,11) (S 44,10,14) (S 52,14,10) (D 1,1,2)
3 47 98.00 12 (D 1,1,3) (S 55,12,11) (S 45,31,5) (S 57,5,31) (S 22,31,31) (S 4,5,5) (S 56,5,6) (S 5,6,6) (S 20,29,29) (S 28,29,31) (S 33,24,27) (D 1,1,3)
4 49 103.00 8 (D 1,1,4) (S 29,8,9) (S 49,12,18) (S 13,18,18) (S 48,18,19) (S 16,21,21) (S 30,21,22) (D 1,1,4)
5 43 82.00 7 (D 1,1,5) (S 51,11,6) (S 31,6,31) (S 32,27,29) (S 53,29,28) (S 19,28,28) (D 1,1,5)
6 42 113.00 9 (D 1,1,6) (S 7,10,10) (S 11,16,16) (S 42,15,14) (S 39,14,15) (S 34,15,16) (S 36,10,16) (S 25,10,11) (D 1,1,6)
7 28 70.00 5 (D 1,1,7) (S 23,8,12) (S 35,19,18) (S 41,19,22) (D 1,1,7)
8 20 50.00 3 (D 1,1,8) (S 14,19,19) (D 1,1,8)
