827.00
10
31000000
31000000
1 45 147.00 13 (D 1,1,1) (S 5,10,10) (S 15,3,9) (S 22,3,10) (S 27,4,5) (S 30,5,4) (S 1,2,2) (S 6,11,11) (S 42,11,1) (S 32,1,9) (S 38,13,17) (S 9,17,17) (D 1,1,1)
2 43 77.00 7 (D 1,1,2) (S 40,9,19) (S 8,15,15) (S 37,15,21) (S 46,21,15) (S 12,21,21) (D 1,1,2)
3 4 16.00 3 (D 1,1,3) (S 39,20,15) (D 1,1,3)
4 45 67.00 6 (D 1,1,4) (S 41,19,9) (S 10,19,19) (S 11,20,20) (S 36,20,21) (D 1,1,4)
5 27 36.00 4 (D 1,1,5) (S 28,1,19) (S 24,19,20) (D 1,1,5)
6 44 93.00 7 (D 1,1,6) (S 16,3,4) (S 2,5,5) (S 18,5,11) (S 35,6,7) (S 48,17,16) (D 1,1,6)
7 25 74.00 7 (D 1,1,7) (S 14,2,5) (S 17,7,13) (S 26,17,13) (S 31,16,17) (S 47,16,15) (D 1,1,7)
8 42 140.00 8 (D 1,1,8) (S 3,6,6) (S 34,17,12) (S 29,12,11) (S 45,18,17) (S 7,12,12) (S 44,6,5) (D 1,1,8)
9 45 120.00 7 (D 1,1,9) (S 4,7,7) (S 33,14,8) (S 43,8,14) (S 19,14,18) (S 13,13,14) (D 1,1,9)
10 18 57.00 3 (D 1,1,10) (S 20,6,11) (D 1,1,10)
