594.00
8
16000000
16000000
1 50 125.00 16 (D 1,1,1) (S 44,1,2) (S 37,2,1) (S 22,31,31) (S 34,29,31) (S 39,5,31) (S 32,1,31) (S 33,28,31) (S 61,6,5) (S 4,5,5) (S 52,5,6) (S 8,11,11) (S 9,12,12) (S 57,12,11) (S 3,4,4) (D 1,1,1)
2 42 75.00 10 (D 1,1,2) (S 1,2,2) (S 56,1,30) (S 41,30,1) (S 54,6,11) (S 43,11,12) (S 13,18,18) (S 62,18,21) (S 15,21,21) (D 1,1,2)
3 17 31.00 5 (D 1,1,3) (S 24,26,27) (S 19,26,26) (S 20,27,27) (D 1,1,3)
4 35 62.00 6 (D 1,1,4) (S 49,30,29) (S 21,29,29) (S 35,6,31) (S 53,28,26) (D 1,1,4)
5 46 89.00 9 (D 1,1,5) (S 28,2,8) (S 6,9,9) (S 50,9,4) (S 10,13,13) (S 14,19,19) (S 59,19,18) (S 60,18,19) (D 1,1,5)
6 40 83.00 6 (D 1,1,6) (S 55,12,18) (S 42,19,22) (S 31,20,22) (S 30,21,22) (D 1,1,6)
7 46 83.00 6 (D 1,1,7) (S 23,8,9) (S 26,4,13) (S 25,13,19) (S 46,19,20) (D 1,1,7)
8 14 46.00 3 (D 1,1,8) (S 27,8,12) (D 1,1,8)
