528.00
8
31000000
31000000
1 29 52.00 9 (D 1,1,1) (S 21,35,35) (S 1,2,2) (S 55,2,6) (S 4,6,6) (S 5,7,7) (S 59,3,4) (S 2,4,4) (D 1,1,1)
2 5 9.00 3 (D 1,1,2) (S 24,40,40) (D 1,1,2)
3 33 43.00 6 (D 1,1,3) (S 60,1,11) (S 11,16,16) (S 65,16,10) (S 7,10,10) (D 1,1,3)
4 5 9.00 3 (D 1,1,4) (S 78,1,40) (D 1,1,4)
5 62 128.00 16 (D 1,1,5) (S 51,6,7) (S 42,3,7) (S 54,7,6) (S 77,3,37) (S 79,37,38) (S 22,38,38) (S 58,38,37) (S 56,37,3) (S 47,37,30) (S 45,30,31) (S 71,31,30) (S 18,31,31) (S 53,31,37) (S 73,37,36) (D 1,1,5)
6 28 40.00 5 (D 1,1,6) (S 39,1,6) (S 8,11,11) (S 35,11,16) (D 1,1,6)
7 65 159.00 9 (D 1,1,7) (S 36,1,35) (S 61,36,37) (S 37,29,36) (S 66,2,3) (S 34,29,30) (S 31,2,36) (S 48,27,28) (D 1,1,7)
8 44 88.00 7 (D 1,1,8) (S 57,35,28) (S 69,28,27) (S 17,27,27) (S 49,28,35) (S 41,35,36) (D 1,1,8)
