477.00
9
16000000
16000000
1 3 10.00 3 (D 1,1,1) (S 2,3,3) (D 1,1,1)
2 34 102.00 7 (D 1,1,2) (S 17,1,2) (S 19,2,6) (S 11,6,12) (S 18,12,13) (S 8,11,13) (D 1,1,2)
3 12 19.00 3 (D 1,1,3) (S 16,1,3) (D 1,1,3)
4 34 60.00 4 (D 1,1,4) (S 1,2,2) (S 9,6,10) (D 1,1,4)
5 30 70.00 4 (D 1,1,5) (S 13,1,4) (S 6,11,11) (D 1,1,5)
6 28 72.00 5 (D 1,1,6) (S 7,2,7) (S 15,7,9) (S 5,9,9) (D 1,1,6)
7 23 33.00 3 (D 1,1,7) (S 3,4,4) (D 1,1,7)
8 14 55.00 3 (D 1,1,8) (S 14,10,11) (D 1,1,8)
9 16 56.00 3 (D 1,1,9) (S 10,4,11) (D 1,1,9)
