668.00
11
32000000
32000000
1 16 20.00 4 (D 1,1,1) (S 34,1,9) (S 4,9,9) (D 1,1,1)
2 12 35.00 5 (D 1,1,2) (S 3,8,8) (S 8,20,20) (S 11,19,20) (D 1,1,2)
3 12 23.00 4 (D 1,1,3) (S 16,1,8) (S 25,8,20) (D 1,1,3)
4 6 32.00 4 (D 1,1,4) (S 15,5,14) (S 7,15,15) (D 1,1,4)
5 28 66.00 7 (D 1,1,5) (S 40,1,10) (S 36,10,12) (S 26,12,17) (S 28,17,18) (S 19,18,19) (D 1,1,5)
6 8 23.00 3 (D 1,1,6) (S 18,10,18) (D 1,1,6)
7 11 55.00 4 (D 1,1,7) (S 12,5,1) (S 21,6,15) (D 1,1,7)
8 21 61.00 6 (D 1,1,8) (S 33,5,6) (S 9,11,16) (S 5,11,11) (S 27,16,17) (D 1,1,8)
9 24 101.00 7 (D 1,1,9) (S 24,6,11) (S 35,7,13) (S 6,13,13) (S 29,13,14) (S 22,14,15) (D 1,1,9)
10 9 32.00 3 (D 1,1,10) (S 37,8,9) (D 1,1,10)
11 32 220.00 7 (D 1,1,11) (S 39,4,1) (S 38,4,6) (S 10,4,11) (S 2,7,7) (S 13,7,4) (D 1,1,11)
