1001.00
10
32000000
32000000
1 69 115.00 18 (D 1,1,1) (S 7,10,10) (S 63,17,18) (S 88,18,17) (S 13,17,17) (S 14,18,18) (S 12,16,16) (S 47,16,17) (S 17,24,24) (S 75,30,29) (S 99,23,24) (S 55,15,24) (S 61,24,30) (S 92,38,36) (S 103,36,38) (S 72,38,37) (S 25,37,37) (D 1,1,1)
2 75 122.00 12 (D 1,1,2) (S 95,1,16) (S 22,31,31) (S 59,31,39) (S 82,39,30) (S 87,30,38) (S 39,38,39) (S 83,39,40) (S 40,32,40) (S 28,40,40) (S 46,19,32) (D 1,1,2)
3 95 184.00 23 (D 1,1,3) (S 68,2,3) (S 1,3,3) (S 2,4,4) (S 42,3,4) (S 81,6,5) (S 50,5,10) (S 58,2,5) (S 49,10,17) (S 98,17,31) (S 97,31,17) (S 36,17,24) (S 45,14,23) (S 100,23,28) (S 15,21,21) (S 62,13,21) (S 90,21,13) (S 73,21,20) (S 102,20,21) (S 19,27,27) (S 54,26,27) (S 18,26,26) (D 1,1,3)
4 63 108.00 11 (D 1,1,4) (S 48,1,10) (S 4,6,6) (S 8,11,11) (S 69,11,18) (S 10,14,14) (S 43,14,15) (S 11,15,15) (S 56,23,29) (S 70,29,37) (D 1,1,4)
5 49 105.00 9 (D 1,1,5) (S 60,3,6) (S 35,6,11) (S 3,5,5) (S 52,15,16) (S 85,23,22) (S 91,22,21) (S 84,21,26) (D 1,1,5)
6 38 85.00 10 (D 1,1,6) (S 76,28,22) (S 105,20,25) (S 23,33,33) (S 51,25,33) (S 71,25,20) (S 74,13,22) (S 16,22,22) (S 5,8,8) (D 1,1,6)
7 40 97.00 8 (D 1,1,7) (S 20,28,28) (S 29,41,41) (S 101,41,33) (S 86,33,41) (S 6,9,9) (S 96,9,8) (D 1,1,7)
8 42 87.00 6 (D 1,1,8) (S 67,30,17) (S 21,29,29) (S 26,38,38) (S 80,36,44) (D 1,1,8)
9 26 60.00 4 (D 1,1,9) (S 27,39,39) (S 89,13,9) (D 1,1,9)
10 11 38.00 3 (D 1,1,10) (S 78,13,8) (D 1,1,10)
