307.00
9
16000000
16000000
1 11 20.00 5 (D 1,1,1) (S 15,1,4) (S 16,7,9) (S 8,9,9) (D 1,1,1)
2 20 34.00 6 (D 1,1,2) (S 7,8,8) (S 9,6,8) (S 5,6,6) (S 6,7,7) (D 1,1,2)
3 8 32.00 5 (D 1,1,3) (S 22,1,8) (S 12,2,8) (S 14,2,9) (D 1,1,3)
4 14 22.00 4 (D 1,1,4) (S 11,1,3) (S 23,3,9) (D 1,1,4)
5 5 12.00 3 (D 1,1,5) (S 21,4,7) (D 1,1,5)
6 5 14.00 3 (D 1,1,6) (S 13,4,9) (D 1,1,6)
7 32 91.00 6 (D 1,1,7) (S 3,4,4) (S 10,3,4) (S 19,2,3) (S 25,6,7) (D 1,1,7)
8 20 54.00 4 (D 1,1,8) (S 18,2,6) (S 1,2,2) (D 1,1,8)
9 18 28.00 3 (D 1,1,9) (S 2,3,3) (D 1,1,9)
