1353.00
10
47000000
47000000
1 70 149.00 25 (D 1,1,1) (S 82,1,9) (S 46,9,14) (S 7,14,14) (S 73,15,23) (S 107,23,24) (S 15,24,24) (S 85,24,23) (S 90,23,29) (S 18,29,29) (S 19,30,30) (S 24,38,38) (S 110,38,36) (S 115,36,38) (S 31,50,50) (S 37,46,50) (S 67,46,45) (S 23,37,37) (S 102,37,29) (S 49,29,30) (S 69,29,24) (S 14,23,23) (S 43,14,23) (S 101,27,28) (D 1,1,1)
2 70 168.00 19 (D 1,1,2) (S 5,11,11) (S 103,11,12) (S 97,12,11) (S 11,18,18) (S 91,12,7) (S 93,7,12) (S 2,3,3) (S 68,3,4) (S 86,4,3) (S 74,6,5) (S 109,5,6) (S 4,6,6) (S 50,3,6) (S 42,4,7) (S 32,12,19) (S 20,31,31) (S 61,29,23) (D 1,1,2)
3 28 38.00 5 (D 1,1,3) (S 60,9,1) (S 94,1,16) (S 9,16,16) (D 1,1,3)
4 48 101.00 11 (D 1,1,4) (S 108,10,11) (S 48,11,18) (S 54,32,40) (S 112,32,31) (S 95,31,32) (S 10,17,17) (S 38,15,24) (S 8,15,15) (S 100,15,16) (D 1,1,4)
5 67 165.00 18 (D 1,1,5) (S 53,14,15) (S 79,30,24) (S 34,30,38) (S 55,35,36) (S 88,28,27) (S 16,25,25) (S 59,25,26) (S 71,26,25) (S 92,25,20) (S 83,20,25) (S 45,20,21) (S 12,21,21) (S 52,26,27) (S 17,28,28) (S 113,27,35) (S 27,43,43) (D 1,1,5)
6 70 168.00 12 (D 1,1,6) (S 72,10,17) (S 96,17,30) (S 57,30,17) (S 36,17,24) (S 76,9,13) (S 66,13,22) (S 58,22,14) (S 6,13,13) (S 65,45,44) (S 98,44,43) (D 1,1,6)
7 67 133.00 8 (D 1,1,7) (S 105,1,10) (S 40,17,31) (S 114,32,19) (S 78,19,32) (S 33,38,46) (S 28,45,45) (D 1,1,7)
8 70 180.00 11 (D 1,1,8) (S 13,22,22) (S 47,28,29) (S 51,28,36) (S 44,36,44) (S 64,44,37) (S 41,26,34) (S 106,34,35) (S 80,35,43) (S 75,48,49) (D 1,1,8)
9 54 169.00 9 (D 1,1,9) (S 29,48,48) (S 30,49,49) (S 63,49,48) (S 35,45,48) (S 56,43,35) (S 104,43,48) (S 22,34,34) (D 1,1,9)
10 17 82.00 3 (D 1,1,10) (S 3,5,5) (D 1,1,10)
