444.00
10
32000000
32000000
1 5 9.00 3 (D 1,1,1) (S 29,40,40) (D 1,1,1)
2 5 9.00 3 (D 1,1,2) (S 48,1,40) (D 1,1,2)
3 14 23.00 4 (D 1,1,3) (S 6,8,8) (S 56,8,40) (D 1,1,3)
4 51 91.00 10 (D 1,1,4) (S 7,9,9) (S 57,9,8) (S 30,8,14) (S 42,14,15) (S 45,15,16) (S 67,16,15) (S 11,16,16) (S 60,15,9) (D 1,1,4)
5 9 13.00 3 (D 1,1,5) (S 44,1,8) (D 1,1,5)
6 3 13.00 3 (D 1,1,6) (S 74,10,9) (D 1,1,6)
7 54 100.00 11 (D 1,1,7) (S 1,2,2) (S 51,2,1) (S 24,35,35) (S 25,36,36) (S 52,2,6) (S 66,6,12) (S 62,12,11) (S 47,11,12) (S 9,12,12) (D 1,1,7)
8 34 52.00 5 (D 1,1,8) (S 36,1,35) (S 38,35,36) (S 2,3,3) (D 1,1,8)
9 21 55.00 4 (D 1,1,9) (S 32,1,10) (S 58,2,3) (D 1,1,9)
10 49 79.00 5 (D 1,1,10) (S 34,2,36) (S 5,6,6) (S 8,11,11) (D 1,1,10)
