46993.00
49
47000000
47000000
1 130 787.00 13 (D 1,1,1) (S 4,2,2) (S 27,2,3) (S 125,3,2) (S 28,2,4) (S 126,4,2) (S 31,5,7) (S 129,7,5) (S 30,5,6) (S 128,6,5) (S 32,7,8) (S 116,12,76) (D 1,1,1)
2 130 849.00 8 (D 1,1,2) (S 26,1,2) (S 124,2,1) (S 5,5,5) (S 130,8,7) (S 35,10,11) (S 85,50,52) (D 1,1,2)
3 127 817.00 17 (D 1,1,3) (S 204,69,59) (S 106,59,69) (S 10,44,44) (S 76,44,45) (S 77,45,46) (S 175,46,45) (S 174,45,44) (S 78,44,46) (S 176,46,44) (S 183,52,50) (S 87,52,53) (S 218,51,21) (S 120,21,51) (S 86,51,53) (S 184,53,51) (D 1,1,3)
4 129 605.00 6 (D 1,1,4) (S 18,59,59) (S 21,58,58) (S 8,60,60) (S 103,62,66) (D 1,1,4)
5 129 861.00 9 (D 1,1,5) (S 17,9,9) (S 34,9,10) (S 133,11,10) (S 132,10,9) (S 131,9,8) (S 13,20,20) (S 88,52,54) (D 1,1,5)
6 127 896.00 14 (D 1,1,6) (S 33,8,9) (S 214,76,12) (S 215,76,20) (S 117,20,76) (S 39,13,14) (S 40,14,15) (S 138,15,14) (S 137,14,13) (S 41,13,77) (S 139,77,13) (S 38,13,16) (S 136,16,13) (D 1,1,6)
7 130 735.00 10 (D 1,1,7) (S 193,59,58) (S 95,58,59) (S 1,46,46) (S 82,47,49) (S 83,49,50) (S 185,53,52) (S 186,54,52) (S 3,54,54) (D 1,1,7)
8 130 844.00 6 (D 1,1,8) (S 29,4,5) (S 127,5,4) (S 80,47,48) (S 181,50,49) (D 1,1,8)
9 130 890.00 12 (D 1,1,9) (S 219,59,44) (S 180,49,47) (S 84,49,51) (S 182,51,49) (S 50,22,24) (S 148,24,22) (S 12,22,22) (S 146,22,21) (S 48,21,22) (S 150,75,25) (D 1,1,9)
10 126 899.00 7 (D 1,1,10) (S 203,69,58) (S 105,58,69) (S 121,44,59) (S 178,48,47) (S 187,53,24) (D 1,1,10)
11 130 929.00 15 (D 1,1,11) (S 7,43,43) (S 172,43,42) (S 74,42,43) (S 11,41,41) (S 167,40,39) (S 69,39,40) (S 168,39,35) (S 70,35,39) (S 72,40,41) (S 170,41,40) (S 67,37,38) (S 165,38,37) (S 71,35,41) (D 1,1,11)
12 128 921.00 10 (D 1,1,12) (S 97,58,60) (S 99,60,62) (S 101,63,64) (S 199,64,63) (S 102,63,65) (S 200,65,63) (S 189,56,55) (S 91,55,56) (D 1,1,12)
13 128 1050.00 7 (D 1,1,13) (S 19,52,52) (S 25,50,50) (S 20,23,23) (S 54,23,26) (S 111,72,73) (D 1,1,13)
14 128 1131.00 5 (D 1,1,14) (S 107,4,69) (S 6,66,66) (S 207,72,71) (D 1,1,14)
15 130 837.00 8 (D 1,1,15) (S 79,46,47) (S 24,75,75) (S 213,75,23) (S 14,27,27) (S 153,27,26) (S 152,26,23) (D 1,1,15)
16 130 774.00 7 (D 1,1,16) (S 122,60,67) (S 220,67,60) (S 201,66,62) (S 197,62,60) (S 195,60,58) (D 1,1,16)
17 128 1197.00 8 (D 1,1,17) (S 191,57,42) (S 93,42,57) (S 171,42,41) (S 15,40,40) (S 16,39,39) (S 208,73,71) (D 1,1,17)
18 126 936.00 8 (D 1,1,18) (S 36,11,12) (S 144,20,18) (S 46,18,20) (S 216,77,15) (S 118,15,77) (S 42,15,17) (D 1,1,18)
19 130 1355.00 7 (D 1,1,19) (S 100,62,63) (S 22,65,65) (S 198,63,62) (S 169,41,35) (S 209,73,72) (D 1,1,19)
20 129 1303.00 7 (D 1,1,20) (S 123,62,67) (S 221,67,62) (S 212,67,56) (S 190,56,42) (S 110,71,73) (D 1,1,20)
21 128 1136.00 7 (D 1,1,21) (S 37,12,16) (S 135,16,12) (S 134,12,11) (S 143,20,19) (S 109,71,72) (D 1,1,21)
22 122 918.00 6 (D 1,1,22) (S 98,60,61) (S 196,61,60) (S 73,41,42) (S 92,42,56) (D 1,1,22)
23 117 910.00 6 (D 1,1,23) (S 177,47,46) (S 188,50,19) (S 90,19,50) (S 49,22,75) (D 1,1,23)
24 123 1024.00 9 (D 1,1,24) (S 89,24,53) (S 52,25,75) (S 53,25,26) (S 55,26,27) (S 151,26,25) (S 56,26,28) (S 57,28,29) (D 1,1,24)
25 128 1006.00 6 (D 1,1,25) (S 119,76,77) (S 217,77,76) (S 45,19,20) (S 140,17,15) (D 1,1,25)
26 129 1013.00 8 (D 1,1,26) (S 51,24,25) (S 155,29,28) (S 154,28,26) (S 115,23,75) (S 147,75,22) (S 58,25,29) (D 1,1,26)
27 118 1028.00 6 (D 1,1,27) (S 166,39,37) (S 68,37,39) (S 2,32,32) (S 9,34,34) (D 1,1,27)
28 117 1056.00 6 (D 1,1,28) (S 145,21,19) (S 47,19,21) (S 149,25,24) (S 157,31,30) (D 1,1,28)
29 125 1285.00 5 (D 1,1,29) (S 205,69,4) (S 114,56,67) (S 59,30,31) (D 1,1,29)
30 120 1192.00 5 (D 1,1,30) (S 104,66,68) (S 202,68,66) (S 62,32,33) (D 1,1,30)
31 117 862.00 5 (D 1,1,31) (S 141,18,15) (S 43,15,18) (S 44,18,19) (D 1,1,31)
32 116 914.00 4 (D 1,1,32) (S 194,59,11) (S 23,72,72) (D 1,1,32)
33 118 1236.00 6 (D 1,1,33) (S 142,19,18) (S 112,73,74) (S 210,74,73) (S 156,29,25) (D 1,1,33)
34 105 1016.00 4 (D 1,1,34) (S 192,58,57) (S 65,33,36) (D 1,1,34)
35 108 993.00 4 (D 1,1,35) (S 173,44,43) (S 160,33,32) (D 1,1,35)
36 123 1165.00 5 (D 1,1,36) (S 60,23,31) (S 158,31,23) (S 63,32,34) (D 1,1,36)
37 105 1150.00 4 (D 1,1,37) (S 96,11,59) (S 163,36,33) (D 1,1,37)
38 122 1150.00 4 (D 1,1,38) (S 81,11,48) (S 161,34,32) (D 1,1,38)
39 79 643.00 3 (D 1,1,39) (S 179,48,11) (D 1,1,39)
40 78 624.00 3 (D 1,1,40) (S 94,57,58) (D 1,1,40)
41 78 638.00 3 (D 1,1,41) (S 75,43,44) (D 1,1,41)
42 116 1004.00 4 (D 1,1,42) (S 61,31,32) (S 159,32,31) (D 1,1,42)
43 112 1042.00 4 (D 1,1,43) (S 206,71,70) (S 108,70,71) (D 1,1,43)
44 75 902.00 3 (D 1,1,44) (S 164,37,33) (D 1,1,44)
45 92 878.00 3 (D 1,1,45) (S 113,18,72) (D 1,1,45)
46 86 906.00 3 (D 1,1,46) (S 162,35,32) (D 1,1,46)
47 75 902.00 3 (D 1,1,47) (S 66,33,37) (D 1,1,47)
48 92 878.00 3 (D 1,1,48) (S 211,72,18) (D 1,1,48)
49 86 906.00 3 (D 1,1,49) (S 64,32,35) (D 1,1,49)
