256.00
10
0
0
1 21 32.00 5 (D 1,1,1) (S 17,1,7) (S 9,5,7) (S 4,7,7) (D 1,1,1)
2 4 6.00 3 (D 1,1,2) (S 18,1,10) (D 1,1,2)
3 21 46.00 7 (D 1,1,3) (S 12,1,2) (S 11,2,9) (S 3,6,6) (S 10,6,9) (S 20,2,5) (D 1,1,3)
4 4 14.00 4 (D 1,1,4) (S 8,1,3) (S 15,3,10) (D 1,1,4)
5 2 10.00 3 (D 1,1,5) (S 16,1,5) (D 1,1,5)
6 8 32.00 4 (D 1,1,6) (S 24,3,6) (S 22,6,7) (D 1,1,6)
7 15 28.00 4 (D 1,1,7) (S 19,3,11) (S 7,11,11) (D 1,1,7)
8 22 40.00 4 (D 1,1,8) (S 6,9,9) (S 23,6,10) (D 1,1,8)
9 9 22.00 3 (D 1,1,9) (S 13,3,5) (D 1,1,9)
10 25 26.00 3 (D 1,1,10) (S 1,2,2) (D 1,1,10)
