1545.00
8
31000000
31000000
1 64 177.00 13 (D 1,1,1) (S 1,3,3) (S 7,10,10) (S 37,18,19) (S 41,15,9) (S 67,9,15) (S 69,9,10) (S 29,10,19) (S 61,18,15) (S 52,9,2) (S 72,2,3) (S 54,2,9) (D 1,1,1)
2 65 146.00 10 (D 1,1,2) (S 40,1,5) (S 2,5,5) (S 36,1,2) (S 6,9,9) (S 5,8,8) (S 10,13,13) (S 56,13,8) (S 59,25,30) (D 1,1,2)
3 65 206.00 14 (D 1,1,3) (S 26,3,10) (S 71,14,17) (S 16,22,22) (S 65,30,25) (S 17,25,25) (S 44,22,29) (S 45,29,22) (S 24,22,25) (S 25,26,30) (S 22,30,30) (S 23,17,22) (S 8,11,11) (D 1,1,3)
4 65 171.00 10 (D 1,1,4) (S 68,8,13) (S 9,12,12) (S 35,12,13) (S 46,8,14) (S 48,14,8) (S 62,14,13) (S 13,17,17) (S 42,17,13) (D 1,1,4)
5 65 184.00 8 (D 1,1,5) (S 11,15,15) (S 33,14,15) (S 21,29,29) (S 55,29,21) (S 15,21,21) (S 70,20,21) (D 1,1,5)
6 62 209.00 9 (D 1,1,6) (S 30,8,9) (S 18,26,26) (S 58,23,18) (S 20,28,28) (S 28,24,28) (S 34,24,27) (S 14,20,20) (D 1,1,6)
7 61 185.00 10 (D 1,1,7) (S 64,26,23) (S 75,23,22) (S 73,21,24) (S 19,27,27) (S 51,20,16) (S 50,16,11) (S 57,11,16) (S 53,16,12) (D 1,1,7)
8 60 267.00 9 (D 1,1,8) (S 31,21,28) (S 63,21,29) (S 12,16,16) (S 43,16,13) (S 39,16,21) (S 27,20,27) (S 38,11,20) (D 1,1,8)
