25474.00
13
15000000
15000000
1 1432 2705.00 13 (D 1,1,1) (S 2,11,11) (S 6,24,24) (S 50,26,25) (S 40,23,24) (S 19,8,9) (S 3,14,14) (S 5,22,22) (S 22,10,15) (S 25,12,16) (S 35,19,24) (S 47,11,12) (D 1,1,1)
2 1542 2409.00 9 (D 1,1,2) (S 11,3,4) (S 15,5,10) (S 21,9,14) (S 48,12,7) (S 46,8,13) (S 26,13,14) (S 12,3,8) (D 1,1,2)
3 1344 2253.00 7 (D 1,1,3) (S 16,6,7) (S 18,7,8) (S 24,12,13) (S 49,21,17) (S 38,21,28) (D 1,1,3)
4 1352 1987.00 6 (D 1,1,4) (S 10,2,7) (S 23,11,18) (S 37,20,27) (S 43,26,27) (D 1,1,4)
5 1477 2227.00 6 (D 1,1,5) (S 17,6,11) (S 31,16,19) (S 45,28,29) (S 29,15,22) (D 1,1,5)
6 1325 1720.00 5 (D 1,1,6) (S 1,3,3) (S 13,4,5) (S 4,15,15) (D 1,1,6)
7 1301 1801.00 5 (D 1,1,7) (S 9,2,3) (S 20,9,10) (S 28,14,15) (D 1,1,7)
8 1423 2040.00 5 (D 1,1,8) (S 8,1,6) (S 27,13,17) (S 44,27,28) (D 1,1,8)
9 1495 2005.00 5 (D 1,1,9) (S 41,23,25) (S 32,18,19) (S 34,19,20) (D 1,1,9)
10 1006 1522.00 4 (D 1,1,10) (S 30,16,17) (S 42,24,26) (D 1,1,10)
11 1303 1701.00 4 (D 1,1,11) (S 7,1,2) (S 33,18,23) (D 1,1,11)
12 1404 2009.00 4 (D 1,1,12) (S 14,4,9) (S 39,22,29) (D 1,1,12)
13 689 1095.00 3 (D 1,1,13) (S 36,20,21) (D 1,1,13)
