1346.00
8
32000000
32000000
1 64 156.00 16 (D 1,1,1) (S 31,1,5) (S 67,2,3) (S 53,3,2) (S 52,2,9) (S 63,9,10) (S 56,10,9) (S 49,9,2) (S 1,3,3) (S 5,8,8) (S 43,7,4) (S 74,4,7) (S 46,7,6) (S 71,6,7) (S 70,8,13) (D 1,1,1)
2 65 166.00 10 (D 1,1,2) (S 35,1,2) (S 23,10,15) (S 58,15,9) (S 6,9,9) (S 2,4,4) (S 4,7,7) (S 7,11,11) (S 60,21,22) (D 1,1,2)
3 65 183.00 14 (D 1,1,3) (S 22,1,8) (S 65,13,8) (S 33,12,13) (S 45,12,11) (S 9,16,16) (S 51,16,12) (S 62,12,16) (S 55,16,13) (S 44,13,16) (S 29,16,21) (S 15,25,25) (S 66,25,29) (D 1,1,3)
4 64 165.00 8 (D 1,1,4) (S 26,5,8) (S 3,6,6) (S 20,7,8) (S 28,8,9) (S 27,10,19) (S 61,14,17) (D 1,1,4)
5 63 188.00 12 (D 1,1,5) (S 40,4,5) (S 54,11,16) (S 13,21,21) (S 64,22,29) (S 68,29,22) (S 30,22,25) (S 39,22,21) (S 25,21,28) (S 75,28,29) (S 59,29,21) (D 1,1,5)
6 61 176.00 9 (D 1,1,6) (S 38,14,13) (S 57,20,16) (S 32,17,22) (S 18,29,29) (S 50,21,29) (S 10,17,17) (S 48,17,13) (D 1,1,6)
7 62 171.00 9 (D 1,1,7) (S 72,14,8) (S 12,20,20) (S 19,20,27) (S 14,24,24) (S 37,24,27) (S 17,27,27) (S 21,16,17) (D 1,1,7)
8 50 141.00 5 (D 1,1,8) (S 8,15,15) (S 24,14,15) (S 34,11,20) (D 1,1,8)
