741.00
9
15000000
15000000
1 27 58.00 11 (D 1,1,1) (S 4,6,6) (S 2,9,9) (S 34,9,4) (S 5,11,11) (S 20,2,7) (S 26,7,3) (S 8,3,1) (S 10,5,1) (S 12,1,7) (D 1,1,1)
2 27 65.00 10 (D 1,1,2) (S 14,1,9) (S 21,8,2) (S 38,8,5) (S 1,5,5) (S 3,8,8) (S 47,7,11) (S 9,4,1) (S 46,10,7) (D 1,1,2)
3 27 81.00 9 (D 1,1,3) (S 11,1,6) (S 43,6,9) (S 13,1,8) (S 18,2,4) (S 16,1,11) (S 23,11,2) (S 24,3,4) (D 1,1,3)
4 27 97.00 9 (D 1,1,4) (S 25,5,3) (S 28,10,3) (S 6,10,10) (S 44,10,6) (S 41,6,7) (S 17,3,2) (S 35,4,10) (D 1,1,4)
5 27 90.00 7 (D 1,1,5) (S 50,9,11) (S 36,11,4) (S 15,1,10) (S 45,7,9) (S 48,8,9) (D 1,1,5)
6 24 81.00 6 (D 1,1,6) (S 7,2,1) (S 33,8,4) (S 30,4,5) (S 39,5,10) (D 1,1,6)
7 26 103.00 6 (D 1,1,7) (S 22,2,9) (S 31,4,6) (S 32,4,7) (S 42,8,6) (D 1,1,7)
8 25 75.00 5 (D 1,1,8) (S 37,5,7) (S 40,11,5) (S 19,5,2) (D 1,1,8)
9 25 91.00 5 (D 1,1,9) (S 49,10,9) (S 29,3,11) (S 27,3,9) (D 1,1,9)
