353.00
7
16000000
16000000
1 11 16.00 5 (D 1,1,1) (S 12,1,6) (S 5,6,6) (S 19,6,9) (D 1,1,1)
2 36 69.00 10 (D 1,1,2) (S 18,1,3) (S 15,3,8) (S 6,7,7) (S 8,7,8) (S 7,8,8) (S 4,5,5) (S 9,2,4) (S 11,4,5) (D 1,1,2)
3 8 16.00 3 (D 1,1,3) (S 13,1,9) (D 1,1,3)
4 12 38.00 4 (D 1,1,4) (S 16,4,8) (S 21,4,9) (D 1,1,4)
5 35 61.00 7 (D 1,1,5) (S 22,3,4) (S 1,2,2) (S 3,4,4) (S 20,2,3) (S 25,3,6) (D 1,1,5)
6 23 63.00 5 (D 1,1,6) (S 24,6,7) (S 10,5,8) (S 14,5,9) (D 1,1,6)
7 28 90.00 5 (D 1,1,7) (S 23,2,7) (S 17,2,6) (S 2,3,3) (D 1,1,7)
