55633.00
28
16000000
16000000
1 1565 3068.00 12 (D 22,1,1) (S 20,10,16) (S 5,3,4) (S 17,9,19) (S 48,25,33) (S 68,35,36) (S 71,37,38) (S 56,29,37) (S 57,29,38) (S 58,30,31) (S 18,10,11) (D 22,1,1)
2 1490 2432.00 8 (D 22,1,2) (S 31,16,21) (S 29,15,20) (S 84,44,47) (S 88,48,49) (S 91,51,52) (S 60,31,32) (D 22,1,2)
3 1563 2364.00 7 (D 22,1,3) (S 76,39,50) (S 77,40,41) (S 27,14,24) (S 46,24,32) (S 55,29,30) (D 22,1,3)
4 1489 2195.00 7 (D 22,1,4) (S 41,21,29) (S 51,27,28) (S 53,28,29) (S 14,8,9) (S 16,9,10) (D 22,1,4)
5 1483 2304.00 6 (D 22,1,5) (S 43,22,30) (S 44,23,24) (S 63,32,41) (S 83,43,46) (D 22,1,5)
6 1319 2073.00 6 (D 22,1,6) (S 10,5,12) (S 3,2,3) (S 7,4,5) (S 11,6,7) (D 22,1,6)
7 1529 2205.00 6 (D 22,1,7) (S 30,16,17) (S 32,17,21) (S 39,20,29) (S 80,42,43) (D 22,1,7)
8 1291 1707.00 5 (D 22,1,8) (S 23,12,13) (S 12,6,13) (S 45,23,31) (D 22,1,8)
9 1467 2169.00 6 (D 22,1,9) (S 47,25,26) (S 86,46,47) (S 87,47,48) (S 89,49,50) (D 22,1,9)
10 1384 1800.00 5 (D 22,1,10) (S 24,12,22) (S 28,15,16) (S 19,10,15) (D 22,1,10)
11 1384 1856.00 5 (D 22,1,11) (S 21,11,12) (S 22,11,17) (S 6,3,10) (D 22,1,11)
12 1315 1926.00 5 (D 22,1,12) (S 90,50,51) (S 78,40,51) (S 70,36,37) (D 22,1,12)
13 1364 1998.00 5 (D 22,1,13) (S 72,37,48) (S 66,34,35) (S 65,33,42) (D 22,1,13)
14 1356 1919.00 5 (D 22,1,14) (S 36,19,26) (S 33,18,19) (S 38,20,28) (D 22,1,14)
15 1393 2030.00 5 (D 22,1,15) (S 13,7,14) (S 62,32,40) (S 61,31,40) (D 22,1,15)
16 1414 2069.00 5 (D 22,1,16) (S 8,4,11) (S 4,2,9) (S 15,8,18) (D 22,1,16)
17 1557 2300.00 5 (D 22,1,17) (S 75,39,40) (S 79,41,52) (S 52,27,36) (D 22,1,17)
18 1210 1441.00 4 (D 22,1,18) (S 40,21,22) (S 42,22,23) (D 22,1,18)
19 1164 1612.00 4 (D 22,1,19) (S 59,30,39) (S 69,35,44) (D 22,1,19)
20 1559 2323.00 5 (D 22,1,20) (S 82,43,44) (S 64,33,34) (S 2,1,8) (D 22,1,20)
21 1244 1623.00 4 (D 22,1,21) (S 9,5,6) (S 25,13,14) (D 22,1,21)
22 1245 1675.00 4 (D 22,1,22) (S 37,20,21) (S 49,26,27) (D 22,1,22)
23 1287 1822.00 4 (D 22,1,23) (S 26,13,23) (S 74,38,49) (D 22,1,23)
24 1215 1741.00 4 (D 22,1,24) (S 34,18,25) (S 67,34,43) (D 22,1,24)
25 1298 1939.00 4 (D 22,1,25) (S 73,38,39) (S 81,42,45) (D 22,1,25)
26 1390 1902.00 4 (D 22,1,26) (S 54,28,37) (S 50,26,35) (D 22,1,26)
27 1405 1928.00 4 (D 22,1,27) (S 1,1,2) (S 35,19,20) (D 22,1,27)
28 708 1212.00 3 (D 22,1,28) (S 85,45,46) (D 22,1,28)
