441.00
16
16000000
16000000
1 14 43.00 9 (D 1,1,1) (S 34,1,5) (S 22,5,8) (S 6,7,7) (S 7,2,7) (S 30,2,8) (S 16,8,9) (S 33,9,11) (D 1,1,1)
2 9 18.00 4 (D 1,1,2) (S 37,1,9) (S 9,9,10) (D 1,1,2)
3 8 10.00 4 (D 1,1,3) (S 29,1,7) (S 20,7,11) (D 1,1,3)
4 9 17.00 5 (D 1,1,4) (S 24,1,3) (S 21,3,4) (S 19,4,9) (D 1,1,4)
5 11 29.00 5 (D 1,1,5) (S 8,1,4) (S 25,1,8) (S 32,6,9) (D 1,1,5)
6 8 21.00 4 (D 1,1,6) (S 4,5,5) (S 36,2,11) (D 1,1,6)
7 6 8.00 3 (D 1,1,7) (S 23,3,10) (D 1,1,7)
8 5 8.00 3 (D 1,1,8) (S 26,1,11) (D 1,1,8)
9 20 41.00 5 (D 1,1,9) (S 11,2,3) (S 2,3,3) (S 15,4,10) (D 1,1,9)
10 9 22.00 4 (D 1,1,10) (S 10,1,2) (S 27,7,9) (D 1,1,10)
11 9 12.00 3 (D 1,1,11) (S 31,1,10) (D 1,1,11)
12 25 69.00 6 (D 1,1,12) (S 12,4,8) (S 5,6,6) (S 13,6,8) (S 35,2,9) (D 1,1,12)
13 24 38.00 4 (D 1,1,13) (S 14,5,7) (S 1,2,2) (D 1,1,13)
14 15 38.00 4 (D 1,1,14) (S 38,4,7) (S 28,5,11) (D 1,1,14)
15 24 49.00 4 (D 1,1,15) (S 3,4,4) (S 18,4,6) (D 1,1,15)
16 9 18.00 3 (D 1,1,16) (S 17,3,11) (D 1,1,16)
