475.00
9
16000000
16000000
1 21 40.00 9 (D 1,1,1) (S 32,1,9) (S 31,9,11) (S 9,7,10) (S 13,1,7) (S 4,5,5) (S 22,5,8) (S 6,8,8) (D 1,1,1)
2 27 61.00 9 (D 1,1,2) (S 12,1,3) (S 26,3,5) (S 14,7,11) (S 19,1,4) (S 36,4,9) (S 17,1,11) (S 33,2,8) (D 1,1,2)
3 27 55.00 7 (D 1,1,3) (S 1,2,2) (S 15,2,11) (S 11,7,9) (S 10,9,10) (S 7,10,10) (D 1,1,3)
4 27 66.00 7 (D 1,1,4) (S 28,1,2) (S 35,2,3) (S 2,3,3) (S 25,6,9) (S 5,6,6) (D 1,1,4)
5 25 63.00 6 (D 1,1,5) (S 23,4,11) (S 8,6,7) (S 37,2,4) (S 16,4,5) (D 1,1,5)
6 23 37.00 4 (D 1,1,6) (S 3,4,4) (S 20,4,6) (D 1,1,6)
7 13 38.00 4 (D 1,1,7) (S 30,5,10) (S 18,6,8) (D 1,1,7)
8 25 63.00 5 (D 1,1,8) (S 21,3,11) (S 24,5,7) (S 29,3,9) (D 1,1,8)
9 17 52.00 4 (D 1,1,9) (S 27,5,11) (S 34,2,5) (D 1,1,9)
