1451.00
10
47000000
47000000
1 74 153.00 23 (D 1,1,1) (S 99,1,6) (S 62,12,13) (S 89,13,12) (S 9,13,13) (S 5,8,8) (S 73,8,7) (S 4,7,7) (S 91,7,8) (S 84,7,13) (S 92,12,11) (S 65,11,5) (S 95,6,1) (S 69,6,13) (S 101,13,7) (S 47,2,7) (S 37,13,14) (S 39,13,21) (S 86,26,30) (S 18,30,30) (S 88,30,34) (S 23,40,40) (D 1,1,1)
2 69 131.00 14 (D 1,1,2) (S 104,6,7) (S 50,8,14) (S 40,12,20) (S 13,18,18) (S 112,18,26) (S 66,26,29) (S 57,29,33) (S 28,46,46) (S 38,33,40) (S 52,33,34) (S 20,34,34) (S 63,33,39) (D 1,1,2)
3 51 97.00 9 (D 1,1,3) (S 60,6,12) (S 97,19,26) (S 67,26,18) (S 16,26,26) (S 53,27,30) (S 103,39,29) (S 42,33,46) (D 1,1,3)
4 75 162.00 10 (D 1,1,4) (S 8,11,11) (S 58,5,6) (S 54,20,21) (S 14,21,21) (S 10,14,14) (S 1,2,2) (S 6,9,9) (S 33,15,23) (D 1,1,4)
5 19 42.00 4 (D 1,1,5) (S 32,19,20) (S 93,18,29) (D 1,1,5)
6 75 202.00 15 (D 1,1,6) (S 2,3,3) (S 55,3,9) (S 78,9,16) (S 11,16,16) (S 71,16,9) (S 44,9,15) (S 56,15,16) (S 107,23,31) (S 109,31,32) (S 21,37,37) (S 34,32,37) (S 70,28,32) (S 105,24,23) (D 1,1,6)
7 74 194.00 11 (D 1,1,7) (S 43,2,3) (S 7,10,10) (S 15,23,23) (S 75,31,37) (S 19,32,32) (S 77,37,38) (S 81,38,28) (S 110,28,38) (S 22,38,38) (D 1,1,7)
8 45 63.00 4 (D 1,1,8) (S 100,20,30) (S 17,27,27) (D 1,1,8)
9 74 243.00 11 (D 1,1,9) (S 94,31,23) (S 59,31,22) (S 72,22,21) (S 3,5,5) (S 12,17,17) (S 48,17,25) (S 35,25,28) (S 45,24,25) (S 46,16,17) (D 1,1,9)
10 24 164.00 5 (D 1,1,10) (S 51,9,10) (S 102,22,31) (S 68,24,32) (D 1,1,10)
