696.00
10
16000000
16000000
1 31 48.00 7 (D 1,1,1) (S 9,11,11) (S 57,16,15) (S 48,15,16) (S 12,16,16) (S 7,9,9) (D 1,1,1)
2 5 9.00 3 (D 1,1,2) (S 27,40,40) (D 1,1,2)
3 5 9.00 3 (D 1,1,3) (S 68,1,40) (D 1,1,3)
4 34 59.00 7 (D 1,1,4) (S 71,1,11) (S 50,11,12) (S 75,12,11) (S 33,11,16) (S 62,15,9) (D 1,1,4)
5 65 147.00 10 (D 1,1,5) (S 29,1,6) (S 4,6,6) (S 22,35,35) (S 23,36,36) (S 56,2,1) (S 35,1,35) (S 37,35,36) (S 25,38,38) (D 1,1,5)
6 25 55.00 4 (D 1,1,6) (S 31,14,15) (S 10,12,12) (D 1,1,6)
7 29 72.00 9 (D 1,1,7) (S 51,30,31) (S 73,37,38) (S 45,38,39) (S 26,39,39) (S 72,39,5) (S 43,5,39) (S 3,4,4) (D 1,1,7)
8 52 97.00 8 (D 1,1,8) (S 1,2,2) (S 30,2,36) (S 41,29,36) (S 42,29,30) (S 2,3,3) (S 66,3,4) (D 1,1,8)
9 54 127.00 10 (D 1,1,9) (S 24,37,37) (S 52,37,3) (S 70,3,37) (S 63,37,30) (S 58,31,37) (S 20,31,31) (S 32,32,39) (S 67,5,4) (D 1,1,9)
10 12 73.00 3 (D 1,1,10) (S 47,32,31) (D 1,1,10)
