476.00
9
0
0
1 2 25.00 4 (D 1,1,1) (S 11,1,12) (S 8,12,11) (D 1,1,1)
2 2 17.00 4 (D 1,1,2) (S 1,2,2) (S 7,9,9) (D 1,1,2)
3 2 17.00 4 (D 1,1,3) (S 16,1,2) (S 18,2,9) (D 1,1,3)
4 4 129.00 6 (D 1,1,4) (S 3,4,4) (S 10,1,4) (S 9,1,10) (S 14,1,7) (D 1,1,4)
5 2 21.00 3 (D 1,1,5) (S 5,7,7) (D 1,1,5)
6 4 51.00 6 (D 1,1,6) (S 2,3,3) (S 19,3,5) (S 4,6,6) (S 13,6,7) (D 1,1,6)
7 2 45.00 4 (D 1,1,7) (S 21,2,3) (S 20,5,6) (D 1,1,7)
8 1 48.00 3 (D 1,1,8) (S 17,5,12) (D 1,1,8)
9 2 123.00 4 (D 1,1,9) (S 12,3,4) (S 15,5,11) (D 1,1,9)
