1162.00
8
47000000
47000000
1 70 154.00 26 (D 1,1,1) (S 1,2,2) (S 3,5,5) (S 44,5,10) (S 68,11,12) (S 9,12,12) (S 5,7,7) (S 105,4,3) (S 113,3,2) (S 41,2,5) (S 96,10,11) (S 15,18,18) (S 55,17,18) (S 19,24,24) (S 102,15,23) (S 18,23,23) (S 115,23,24) (S 63,24,30) (S 24,30,30) (S 30,38,38) (S 104,38,36) (S 116,36,38) (S 36,46,46) (S 39,50,50) (S 52,46,50) (D 1,1,1)
2 70 147.00 18 (D 1,1,2) (S 78,1,5) (S 76,5,1) (S 13,16,16) (S 90,16,15) (S 57,15,24) (S 110,24,29) (S 77,29,37) (S 106,37,38) (S 53,35,36) (S 29,35,35) (S 49,30,38) (S 99,23,29) (S 98,29,23) (S 61,23,28) (S 22,28,28) (S 94,11,6) (D 1,1,2)
3 69 159.00 14 (D 1,1,3) (S 89,1,16) (S 86,16,17) (S 70,17,10) (S 84,10,17) (S 82,12,7) (S 51,4,7) (S 2,3,3) (S 87,6,11) (S 93,6,5) (S 4,6,6) (S 50,11,18) (S 74,15,16) (D 1,1,3)
4 70 161.00 14 (D 1,1,4) (S 12,15,15) (S 23,29,29) (S 62,37,29) (S 45,28,36) (S 35,44,44) (S 81,44,43) (S 34,43,43) (S 109,43,44) (S 108,43,48) (S 38,49,49) (S 64,49,45) (S 111,45,49) (D 1,1,4)
5 69 146.00 11 (D 1,1,5) (S 8,10,10) (S 40,12,19) (S 25,31,31) (S 72,31,39) (S 100,39,30) (S 67,30,17) (S 59,17,24) (S 48,28,29) (S 47,38,46) (D 1,1,5)
6 67 164.00 11 (D 1,1,6) (S 42,32,40) (S 88,32,31) (S 91,39,31) (S 101,39,47) (S 37,47,47) (S 79,47,39) (S 31,39,39) (S 66,45,44) (S 54,36,44) (D 1,1,6)
7 65 180.00 9 (D 1,1,7) (S 26,32,32) (S 43,45,50) (S 65,49,48) (S 85,48,49) (S 92,48,43) (S 56,45,48) (S 14,17,17) (D 1,1,7)
8 8 51.00 3 (D 1,1,8) (S 95,19,32) (D 1,1,8)
