2085.00
31
31000000
31000000
1 47 76.00 10 (D 1,1,1) (S 45,12,13) (S 8,14,14) (S 49,14,15) (S 52,15,23) (S 10,31,31) (S 85,31,37) (S 109,43,45) (S 113,45,50) (D 1,1,1)
2 73 118.00 12 (D 1,1,2) (S 23,1,6) (S 33,6,12) (S 13,12,12) (S 46,12,20) (S 5,22,22) (S 65,22,23) (S 84,31,32) (S 20,38,38) (S 100,38,43) (S 15,43,43) (D 1,1,2)
3 38 93.00 8 (D 1,1,3) (S 6,5,5) (S 73,26,30) (S 18,41,41) (S 105,41,48) (S 116,48,49) (S 117,49,50) (D 1,1,3)
4 73 124.00 12 (D 1,1,4) (S 47,13,14) (S 51,15,16) (S 4,16,16) (S 54,16,24) (S 69,24,25) (S 79,28,32) (S 14,32,32) (S 86,32,37) (S 99,37,43) (S 110,43,50) (D 1,1,4)
5 33 68.00 8 (D 1,1,5) (S 34,6,13) (S 48,13,21) (S 83,30,34) (S 93,34,40) (S 103,40,47) (S 115,47,48) (D 1,1,5)
6 55 125.00 10 (D 1,1,6) (S 35,7,8) (S 16,8,8) (S 37,8,9) (S 7,10,10) (S 17,25,25) (S 71,25,28) (S 87,32,38) (S 101,38,45) (D 1,1,6)
7 23 44.00 6 (D 1,1,7) (S 11,11,11) (S 19,26,26) (S 72,26,29) (S 1,39,39) (D 1,1,7)
8 47 97.00 10 (D 1,1,8) (S 25,2,7) (S 36,7,13) (S 2,30,30) (S 92,34,35) (S 3,36,36) (S 108,42,44) (S 9,44,44) (S 111,44,49) (D 1,1,8)
9 33 77.00 6 (D 1,1,9) (S 32,6,7) (S 38,8,14) (S 68,23,31) (S 98,37,38) (D 1,1,9)
10 14 40.00 5 (D 1,1,10) (S 60,19,26) (S 102,40,41) (S 106,41,49) (D 1,1,10)
11 27 52.00 5 (D 1,1,11) (S 44,11,19) (S 12,29,29) (S 82,29,39) (D 1,1,11)
12 44 109.00 9 (D 1,1,12) (S 43,11,12) (S 61,20,21) (S 64,21,27) (S 75,27,30) (S 95,35,41) (S 104,41,42) (S 107,42,43) (D 1,1,12)
13 30 76.00 6 (D 1,1,13) (S 22,1,5) (S 30,5,11) (S 59,19,20) (S 96,36,37) (D 1,1,13)
14 23 67.00 6 (D 1,1,14) (S 56,18,19) (S 94,35,36) (S 97,36,42) (S 112,44,50) (D 1,1,14)
15 27 66.00 5 (D 1,1,15) (S 40,9,15) (S 67,23,24) (S 70,24,32) (D 1,1,15)
16 18 47.00 4 (D 1,1,16) (S 50,14,22) (S 66,22,31) (D 1,1,16)
17 20 63.00 4 (D 1,1,17) (S 63,21,22) (S 80,28,38) (D 1,1,17)
18 19 49.00 4 (D 1,1,18) (S 57,18,26) (S 74,26,34) (D 1,1,18)
19 25 75.00 5 (D 1,1,19) (S 41,9,16) (S 53,16,17) (S 55,17,25) (D 1,1,19)
20 36 98.00 6 (D 1,1,20) (S 24,2,3) (S 27,3,9) (S 39,9,10) (S 42,10,17) (D 1,1,20)
21 19 57.00 4 (D 1,1,21) (S 21,1,2) (S 28,4,10) (D 1,1,21)
22 9 33.00 3 (D 1,1,22) (S 77,27,35) (D 1,1,22)
23 7 33.00 3 (D 1,1,23) (S 90,33,40) (D 1,1,23)
24 14 48.00 4 (D 1,1,24) (S 81,29,33) (S 88,33,34) (D 1,1,24)
25 8 34.00 3 (D 1,1,25) (S 89,33,39) (D 1,1,25)
26 22 69.00 4 (D 1,1,26) (S 29,5,6) (S 62,20,30) (D 1,1,26)
27 17 63.00 4 (D 1,1,27) (S 58,18,29) (S 114,46,47) (D 1,1,27)
28 9 37.00 3 (D 1,1,28) (S 26,3,4) (D 1,1,28)
29 22 69.00 4 (D 1,1,29) (S 31,5,18) (S 91,33,46) (D 1,1,29)
30 12 38.00 3 (D 1,1,30) (S 76,27,31) (D 1,1,30)
31 12 40.00 3 (D 1,1,31) (S 78,27,36) (D 1,1,31)
