367.00
8
0
0
1 5 48.00 7 (D 1,1,1) (S 11,1,12) (S 1,2,2) (S 6,9,9) (S 8,11,11) (S 10,6,11) (D 1,1,1)
2 5 49.00 7 (D 1,1,2) (S 21,1,2) (S 12,2,9) (S 16,9,11) (S 4,7,7) (S 5,8,8) (D 1,1,2)
3 1 20.00 3 (D 1,1,3) (S 7,10,10) (D 1,1,3)
4 1 20.00 3 (D 1,1,4) (S 19,1,10) (D 1,1,4)
5 3 33.00 5 (D 1,1,5) (S 20,1,7) (S 17,7,8) (S 13,8,10) (D 1,1,5)
6 4 67.00 6 (D 1,1,6) (S 18,2,3) (S 3,5,5) (S 22,5,11) (S 15,6,7) (D 1,1,6)
7 1 37.00 3 (D 1,1,7) (S 14,3,5) (D 1,1,7)
8 2 93.00 4 (D 1,1,8) (S 2,4,4) (S 9,3,4) (D 1,1,8)
