579.00
13
16000000
16000000
1 27 78.00 11 (D 1,1,1) (S 32,4,5) (S 4,5,5) (S 18,5,7) (S 11,7,11) (S 9,11,11) (S 26,7,10) (S 13,10,11) (S 16,5,8) (S 29,5,11) (D 1,1,1)
2 26 49.00 8 (D 1,1,2) (S 33,1,4) (S 3,4,4) (S 28,4,9) (S 8,9,9) (S 12,9,10) (S 14,6,10) (D 1,1,2)
3 27 74.00 8 (D 1,1,3) (S 21,1,10) (S 7,8,8) (S 40,3,7) (S 23,7,9) (S 10,5,10) (S 43,6,9) (D 1,1,3)
4 23 63.00 6 (D 1,1,4) (S 37,2,6) (S 17,5,6) (S 42,8,11) (S 6,7,7) (D 1,1,4)
5 26 85.00 6 (D 1,1,5) (S 27,2,7) (S 22,8,9) (S 19,3,10) (S 24,8,10) (D 1,1,5)
6 26 50.00 6 (D 1,1,6) (S 34,1,2) (S 36,2,4) (S 20,4,10) (S 15,3,8) (D 1,1,6)
7 23 44.00 6 (D 1,1,7) (S 41,1,3) (S 2,3,3) (S 30,3,4) (S 38,4,8) (D 1,1,7)
8 18 41.00 4 (D 1,1,8) (S 35,1,5) (S 39,4,11) (D 1,1,8)
9 7 13.00 3 (D 1,1,9) (S 25,2,3) (D 1,1,9)
10 7 15.00 3 (D 1,1,10) (S 44,2,10) (D 1,1,10)
11 9 17.00 3 (D 1,1,11) (S 31,2,8) (D 1,1,11)
12 23 24.00 3 (D 1,1,12) (S 1,2,2) (D 1,1,12)
13 24 26.00 3 (D 1,1,13) (S 5,6,6) (D 1,1,13)
