1363.00
8
47000000
47000000
1 100 162.00 27 (D 1,1,1) (S 52,1,6) (S 5,6,6) (S 81,1,5) (S 107,5,11) (S 10,11,11) (S 102,19,26) (S 24,34,34) (S 67,30,34) (S 99,34,30) (S 55,26,30) (S 91,26,19) (S 14,20,20) (S 104,20,19) (S 106,12,13) (S 11,13,13) (S 88,13,12) (S 105,12,20) (S 110,19,20) (S 15,21,21) (S 68,14,15) (S 12,15,15) (S 101,15,16) (S 72,16,24) (S 79,24,25) (S 18,25,25) (D 1,1,1)
2 150 319.00 37 (D 1,1,2) (S 4,5,5) (S 46,11,12) (S 77,13,14) (S 122,14,13) (S 37,15,23) (S 16,22,22) (S 42,22,23) (S 26,37,37) (S 108,37,38) (S 109,38,43) (S 49,43,45) (S 58,45,50) (S 31,44,44) (S 78,44,42) (S 86,42,44) (S 120,42,41) (S 29,41,41) (S 47,41,48) (S 115,40,47) (S 32,47,47) (S 66,47,40) (S 28,40,40) (S 71,40,34) (S 44,34,35) (S 25,36,36) (S 94,36,37) (S 82,43,38) (S 50,28,32) (S 22,32,32) (S 95,28,38) (S 59,38,28) (S 30,43,43) (S 84,43,37) (S 60,50,45) (S 43,43,50) (D 1,1,2)
3 150 373.00 25 (D 1,1,3) (S 69,5,1) (S 35,11,19) (S 63,34,33) (S 83,33,40) (S 38,40,41) (S 113,41,42) (S 33,48,48) (S 53,35,36) (S 62,36,27) (S 61,31,37) (S 97,50,44) (S 70,35,27) (S 111,31,32) (S 27,38,38) (S 48,33,39) (S 89,18,19) (S 45,20,21) (S 100,21,13) (S 75,13,6) (S 65,5,18) (S 13,18,18) (S 96,16,15) (S 3,4,4) (D 1,1,3)
4 10 40.00 4 (D 1,1,4) (S 8,9,9) (S 80,10,4) (D 1,1,4)
5 52 101.00 9 (D 1,1,5) (S 19,26,26) (S 64,21,22) (S 93,23,24) (S 74,24,16) (S 112,16,9) (S 40,9,10) (S 9,10,10) (D 1,1,5)
6 8 27.00 3 (D 1,1,6) (S 73,15,9) (D 1,1,6)
7 77 169.00 11 (D 1,1,7) (S 116,18,26) (S 23,33,33) (S 118,29,18) (S 21,31,31) (S 39,23,31) (S 114,24,23) (S 17,24,24) (S 57,16,17) (S 121,17,25) (D 1,1,7)
8 64 172.00 8 (D 1,1,8) (S 56,14,22) (S 20,27,27) (S 54,27,31) (S 36,20,30) (S 51,29,39) (S 41,29,33) (D 1,1,8)
