650.00
16
32000000
32000000
1 10 21.00 4 (D 1,1,1) (S 31,1,24) (S 23,24,27) (D 1,1,1)
2 7 8.00 3 (D 1,1,2) (S 19,1,19) (D 1,1,2)
3 4 11.00 3 (D 1,1,3) (S 26,1,27) (D 1,1,3)
4 27 68.00 8 (D 1,1,4) (S 30,1,15) (S 15,15,20) (S 32,20,21) (S 25,21,22) (S 35,22,23) (S 18,21,25) (D 1,1,4)
5 8 13.00 3 (D 1,1,5) (S 42,1,17) (D 1,1,5)
6 26 49.00 7 (D 1,1,6) (S 36,3,6) (S 3,6,6) (S 45,6,8) (S 4,8,8) (S 37,8,9) (D 1,1,6)
7 13 32.00 6 (D 1,1,7) (S 10,1,3) (S 20,4,12) (S 1,2,2) (S 40,12,19) (D 1,1,7)
8 5 22.00 4 (D 1,1,8) (S 2,4,4) (S 29,4,19) (D 1,1,8)
9 27 82.00 9 (D 1,1,9) (S 17,3,4) (S 43,12,13) (S 14,13,14) (S 6,14,14) (S 13,14,20) (S 16,21,23) (S 46,25,26) (D 1,1,9)
10 7 18.00 3 (D 1,1,10) (S 27,15,17) (D 1,1,10)
11 11 42.00 4 (D 1,1,11) (S 12,3,8) (S 21,5,9) (D 1,1,11)
12 27 51.00 5 (D 1,1,12) (S 33,4,5) (S 28,5,6) (S 39,6,9) (D 1,1,12)
13 20 65.00 5 (D 1,1,13) (S 11,2,12) (S 47,13,15) (S 38,22,25) (D 1,1,13)
14 25 79.00 5 (D 1,1,14) (S 22,4,6) (S 44,14,18) (S 41,18,25) (D 1,1,14)
15 20 52.00 4 (D 1,1,15) (S 34,18,21) (S 8,23,23) (D 1,1,15)
16 8 37.00 3 (D 1,1,16) (S 9,26,26) (D 1,1,16)
