1466.00
6
31000000
31000000
1 129 303.00 30 (D 1,1,1) (S 1,2,2) (S 55,2,3) (S 2,3,3) (S 59,10,16) (S 90,16,10) (S 7,9,9) (S 28,9,10) (S 12,16,16) (S 46,15,14) (S 63,14,15) (S 11,15,15) (S 61,15,16) (S 53,16,15) (S 62,14,20) (S 67,20,14) (S 80,15,9) (S 50,9,3) (S 71,3,9) (S 6,8,8) (S 30,8,9) (S 8,11,11) (S 92,4,3) (S 27,3,10) (S 14,23,23) (S 26,22,23) (S 89,23,28) (S 21,34,34) (S 18,28,28) (D 1,1,1)
2 130 305.00 26 (D 1,1,2) (S 47,7,13) (S 10,13,13) (S 34,13,19) (S 58,19,13) (S 33,13,14) (S 73,15,21) (S 65,21,22) (S 68,22,28) (S 48,28,22) (S 56,22,21) (S 84,21,15) (S 13,20,20) (S 69,20,19) (S 82,19,25) (S 16,25,25) (S 39,25,30) (S 20,31,31) (S 64,31,32) (S 42,32,27) (S 36,27,32) (S 78,28,23) (S 23,28,34) (S 15,24,24) (S 75,24,23) (D 1,1,2)
3 125 321.00 19 (D 1,1,3) (S 37,1,7) (S 5,6,6) (S 54,6,1) (S 76,1,2) (S 40,2,13) (S 83,13,2) (S 24,4,10) (S 3,4,4) (S 38,4,11) (S 85,11,4) (S 31,10,11) (S 60,8,2) (S 91,19,20) (S 66,19,18) (S 77,12,13) (S 88,30,31) (S 79,31,26) (D 1,1,3)
4 77 169.00 12 (D 1,1,4) (S 87,7,6) (S 86,6,12) (S 9,12,12) (S 70,12,6) (S 72,6,7) (S 22,12,18) (S 43,18,19) (S 44,30,25) (S 41,25,26) (S 17,26,26) (D 1,1,4)
5 86 220.00 9 (D 1,1,5) (S 29,21,27) (S 45,27,28) (S 93,22,15) (S 49,16,23) (S 32,24,34) (S 52,18,29) (S 19,29,29) (D 1,1,5)
6 37 148.00 4 (D 1,1,6) (S 25,6,18) (S 57,11,24) (D 1,1,6)
