452.00
8
16000000
16000000
1 4 19.00 5 (D 1,1,1) (S 15,1,2) (S 1,2,2) (S 5,9,9) (D 1,1,1)
2 1 16.00 3 (D 1,1,2) (S 18,2,9) (D 1,1,2)
3 2 25.00 4 (D 1,1,3) (S 8,1,4) (S 21,4,11) (D 1,1,3)
4 5 82.00 7 (D 1,1,4) (S 4,7,7) (S 6,12,12) (S 3,6,6) (S 16,6,7) (S 11,7,12) (D 1,1,4)
5 3 99.00 5 (D 1,1,5) (S 12,1,7) (S 10,5,6) (S 19,12,11) (D 1,1,5)
6 1 20.00 3 (D 1,1,6) (S 17,1,10) (D 1,1,6)
7 3 102.00 5 (D 1,1,7) (S 2,3,3) (S 9,3,4) (S 13,3,11) (D 1,1,7)
8 2 89.00 4 (D 1,1,8) (S 7,5,12) (S 14,5,11) (D 1,1,8)
