311.00
11
16000000
16000000
1 8 20.00 6 (D 1,1,1) (S 4,5,5) (S 13,5,8) (S 7,8,8) (S 29,7,10) (D 1,1,1)
2 24 37.00 7 (D 1,1,2) (S 28,1,7) (S 6,7,7) (S 8,9,9) (S 9,4,9) (S 31,4,11) (D 1,1,2)
3 26 54.00 7 (D 1,1,3) (S 18,1,3) (S 19,3,7) (S 12,7,9) (S 10,4,7) (S 33,5,10) (D 1,1,3)
4 27 56.00 6 (D 1,1,4) (S 5,6,6) (S 11,6,8) (S 14,5,7) (S 20,9,10) (D 1,1,4)
5 14 24.00 4 (D 1,1,5) (S 22,1,8) (S 23,5,11) (D 1,1,5)
6 13 43.00 4 (D 1,1,6) (S 32,1,6) (S 21,4,5) (D 1,1,6)
7 6 8.00 3 (D 1,1,7) (S 17,3,10) (D 1,1,7)
8 21 28.00 4 (D 1,1,8) (S 25,3,4) (S 3,4,4) (D 1,1,8)
9 5 8.00 3 (D 1,1,9) (S 26,1,11) (D 1,1,9)
10 9 12.00 3 (D 1,1,10) (S 16,1,10) (D 1,1,10)
11 20 21.00 3 (D 1,1,11) (S 2,3,3) (D 1,1,11)
