780.00
10
16000000
16000000
1 34 62.00 13 (D 1,1,1) (S 61,1,2) (S 63,2,1) (S 4,5,5) (S 5,6,6) (S 57,31,5) (S 43,5,6) (S 40,6,11) (S 45,10,14) (S 9,14,14) (S 39,14,10) (S 11,16,16) (D 1,1,1)
2 50 153.00 14 (D 1,1,2) (S 27,1,31) (S 32,29,31) (S 28,28,31) (S 34,5,10) (S 48,10,5) (S 8,12,12) (S 49,12,11) (S 42,11,6) (S 46,11,12) (S 56,12,18) (S 3,4,4) (S 44,9,4) (D 1,1,2)
3 36 48.00 7 (D 1,1,3) (S 2,3,3) (S 47,3,2) (S 50,2,3) (S 36,1,30) (S 17,30,30) (D 1,1,3)
4 48 86.00 8 (D 1,1,4) (S 1,2,2) (S 26,4,13) (S 54,13,12) (S 12,18,18) (S 51,18,12) (S 31,6,31) (D 1,1,4)
5 25 38.00 5 (D 1,1,5) (S 59,29,28) (S 41,28,26) (S 15,26,26) (D 1,1,5)
6 5 17.00 3 (D 1,1,6) (S 64,29,30) (D 1,1,6)
7 8 18.00 3 (D 1,1,7) (S 58,10,16) (D 1,1,7)
8 50 147.00 7 (D 1,1,8) (S 20,3,4) (S 53,21,18) (S 7,8,8) (S 29,8,12) (S 23,19,21) (D 1,1,8)
9 44 125.00 6 (D 1,1,9) (S 30,10,11) (S 35,19,22) (S 22,20,22) (S 19,21,22) (D 1,1,9)
10 40 86.00 5 (D 1,1,10) (S 18,13,19) (S 13,19,19) (S 33,9,13) (D 1,1,10)
