840.00
8
31000000
31000000
1 28 48.00 10 (D 1,1,1) (S 74,1,2) (S 64,2,1) (S 4,6,6) (S 72,6,2) (S 48,2,6) (S 1,3,3) (S 61,3,4) (S 2,4,4) (D 1,1,1)
2 60 123.00 14 (D 1,1,2) (S 57,1,40) (S 70,40,1) (S 25,36,36) (S 5,7,7) (S 40,3,7) (S 77,7,6) (S 42,1,6) (S 6,8,8) (S 66,9,10) (S 76,10,9) (S 79,9,8) (S 67,8,9) (D 1,1,2)
3 38 77.00 6 (D 1,1,3) (S 50,1,8) (S 10,14,14) (S 34,8,14) (S 7,10,10) (D 1,1,3)
4 63 176.00 13 (D 1,1,4) (S 68,2,3) (S 38,2,36) (S 21,31,31) (S 27,38,38) (S 26,37,37) (S 65,37,3) (S 52,30,31) (S 62,31,37) (S 47,37,30) (S 28,31,38) (S 78,38,39) (D 1,1,4)
5 65 113.00 9 (D 1,1,5) (S 49,35,34) (S 19,27,27) (S 31,27,34) (S 59,34,35) (S 24,35,35) (S 32,35,36) (S 36,29,36) (D 1,1,5)
6 25 53.00 5 (D 1,1,6) (S 43,29,30) (S 44,39,5) (S 3,5,5) (D 1,1,6)
7 62 152.00 8 (D 1,1,7) (S 33,33,34) (S 29,26,27) (S 71,26,33) (S 23,33,33) (S 39,26,34) (S 73,37,36) (D 1,1,7)
8 25 98.00 5 (D 1,1,8) (S 30,32,39) (S 60,39,38) (S 22,32,32) (D 1,1,8)
