1823.00
7
63000000
63000000
1 16 27.00 4 (D 1,1,1) (S 63,2,7) (S 3,7,7) (D 1,1,1)
2 87 141.00 20 (D 1,1,2) (S 53,1,2) (S 36,2,3) (S 13,23,23) (S 85,15,14) (S 108,14,15) (S 7,14,14) (S 8,15,15) (S 42,15,23) (S 93,31,32) (S 21,32,32) (S 64,32,31) (S 25,36,36) (S 57,36,42) (S 28,41,41) (S 54,41,48) (S 32,48,48) (S 74,41,35) (S 24,35,35) (D 1,1,2)
3 14 40.00 5 (D 1,1,3) (S 40,3,9) (S 70,9,8) (S 99,8,7) (D 1,1,3)
4 43 104.00 10 (D 1,1,4) (S 71,4,10) (S 5,10,10) (S 109,10,17) (S 9,16,16) (S 90,16,17) (S 100,17,16) (S 77,16,9) (S 4,8,8) (D 1,1,4)
5 250 673.00 48 (D 1,1,5) (S 47,9,15) (S 91,37,43) (S 83,43,37) (S 96,37,36) (S 29,42,42) (S 66,42,41) (S 33,49,49) (S 34,50,50) (S 92,50,45) (S 82,45,50) (S 94,50,44) (S 115,44,50) (S 110,50,43) (S 30,43,43) (S 89,37,32) (S 44,31,37) (S 117,37,38) (S 17,28,28) (S 50,25,28) (S 51,28,38) (S 60,38,45) (S 113,45,38) (S 26,38,38) (S 101,32,24) (S 65,24,16) (S 121,9,10) (S 105,17,10) (S 35,17,25) (S 14,24,24) (S 120,24,25) (S 48,32,38) (S 86,22,23) (S 38,23,31) (S 20,31,31) (S 122,43,42) (S 56,48,49) (S 72,49,50) (S 79,44,49) (S 11,21,21) (S 116,21,27) (S 68,27,21) (S 112,12,13) (S 80,13,21) (S 73,20,12) (S 104,12,20) (S 61,12,6) (D 1,1,5)
6 243 666.00 41 (D 1,1,6) (S 58,3,4) (S 12,22,22) (S 95,22,14) (S 111,24,32) (S 49,22,31) (S 16,27,27) (S 81,12,11) (S 59,11,12) (S 6,13,13) (S 52,6,13) (S 19,30,30) (S 23,34,34) (S 15,26,26) (S 114,26,19) (S 107,19,26) (S 18,29,29) (S 46,26,29) (S 78,18,19) (S 102,26,18) (S 118,18,26) (S 10,19,19) (S 76,11,5) (S 119,5,11) (S 1,5,5) (S 39,5,6) (S 2,6,6) (S 43,20,21) (S 69,30,34) (S 55,34,26) (S 84,26,34) (S 37,33,34) (S 75,33,29) (S 87,29,18) (S 88,18,29) (S 98,19,11) (S 103,20,30) (S 67,30,20) (S 45,27,36) (S 62,18,5) (D 1,1,6)
7 21 172.00 3 (D 1,1,7) (S 22,33,33) (D 1,1,7)
