832.00
6
32000000
32000000
1 83 169.00 18 (D 1,1,1) (S 1,3,3) (S 73,3,2) (S 48,2,3) (S 7,9,9) (S 11,14,14) (S 43,14,20) (S 61,20,21) (S 74,15,14) (S 6,8,8) (S 27,8,14) (S 36,13,12) (S 4,6,6) (S 58,6,12) (S 63,12,6) (S 56,6,7) (S 5,7,7) (D 1,1,1)
2 54 89.00 9 (D 1,1,2) (S 59,1,2) (S 41,3,9) (S 53,9,15) (S 12,15,15) (S 37,15,21) (S 69,21,22) (S 18,22,22) (D 1,1,2)
3 45 99.00 8 (D 1,1,3) (S 57,2,8) (S 10,13,13) (S 32,13,14) (S 44,21,15) (S 17,21,21) (S 68,15,22) (D 1,1,3)
4 128 279.00 15 (D 1,1,4) (S 34,3,10) (S 30,9,10) (S 8,10,10) (S 46,2,13) (S 54,13,2) (S 31,8,9) (S 16,20,20) (S 9,12,12) (S 15,19,19) (S 52,19,13) (S 45,18,19) (S 51,19,25) (S 62,25,29) (D 1,1,4)
5 22 68.00 4 (D 1,1,5) (S 35,18,29) (S 23,29,29) (D 1,1,5)
6 37 128.00 5 (D 1,1,6) (S 28,6,18) (S 65,19,20) (S 19,25,25) (D 1,1,6)
