1297.00
7
47000000
47000000
1 22 41.00 8 (D 1,1,1) (S 6,9,9) (S 7,10,10) (S 1,2,2) (S 96,2,3) (S 107,3,4) (S 3,4,4) (D 1,1,1)
2 60 116.00 19 (D 1,1,2) (S 92,15,23) (S 80,23,15) (S 12,15,15) (S 70,23,24) (S 18,24,24) (S 79,31,32) (S 55,32,40) (S 28,40,40) (S 75,32,31) (S 40,31,39) (S 87,39,40) (S 106,19,18) (S 73,18,19) (S 14,19,19) (S 91,18,17) (S 86,5,2) (S 2,3,3) (D 1,1,2)
3 137 273.00 32 (D 1,1,3) (S 67,1,15) (S 64,23,29) (S 110,29,24) (S 23,30,30) (S 39,30,38) (S 37,38,39) (S 102,30,39) (S 69,30,24) (S 41,5,10) (S 4,5,5) (S 63,5,1) (S 66,1,5) (S 62,1,9) (S 5,8,8) (S 57,8,9) (S 85,28,27) (S 88,27,26) (S 95,26,27) (S 20,27,27) (S 19,25,25) (S 47,25,26) (S 104,26,34) (S 24,34,34) (S 30,42,42) (S 99,42,34) (S 113,34,26) (S 81,25,20) (S 15,21,21) (S 77,21,26) (S 71,20,25) (D 1,1,3)
4 140 341.00 25 (D 1,1,4) (S 90,23,14) (S 48,14,15) (S 97,15,24) (S 74,17,30) (S 27,38,38) (S 60,40,47) (S 50,39,47) (S 38,17,24) (S 44,10,17) (S 21,28,28) (S 16,22,22) (S 10,13,13) (S 101,13,8) (S 43,23,28) (S 17,23,23) (S 22,29,29) (S 26,37,37) (S 32,44,44) (S 94,44,43) (S 115,43,44) (S 53,37,44) (S 34,49,49) (S 112,46,45) (D 1,1,4)
5 137 267.00 17 (D 1,1,5) (S 11,14,14) (S 56,15,16) (S 13,16,16) (S 61,29,37) (S 31,43,43) (S 35,50,50) (S 72,50,46) (S 68,45,46) (S 84,45,49) (S 65,49,50) (S 108,50,45) (S 33,45,45) (S 58,48,49) (S 46,43,48) (S 52,17,31) (D 1,1,5)
6 50 133.00 9 (D 1,1,6) (S 42,1,10) (S 111,28,29) (S 89,20,21) (S 51,33,34) (S 93,34,42) (S 29,41,41) (S 45,33,41) (D 1,1,6)
7 46 126.00 6 (D 1,1,7) (S 49,22,28) (S 36,13,22) (S 98,13,9) (S 54,19,32) (D 1,1,7)
