4142.00
24
47000000
47000000
1 74 156.00 22 (D 1,1,1) (S 16,12,12) (S 24,20,20) (S 13,19,19) (S 4,11,11) (S 88,26,30) (S 185,30,26) (S 168,19,18) (S 71,18,19) (S 75,19,26) (S 87,26,29) (S 184,29,26) (S 98,30,34) (S 108,34,40) (S 118,40,47) (S 1,46,46) (S 215,47,40) (S 205,40,34) (S 195,34,30) (S 34,37,37) (S 25,43,43) (D 1,1,1)
2 75 131.00 16 (D 1,1,2) (S 60,12,13) (S 157,13,12) (S 21,16,16) (S 161,15,14) (S 18,14,14) (S 64,14,15) (S 67,15,23) (S 164,23,15) (S 2,8,8) (S 147,8,7) (S 137,7,2) (S 40,2,7) (S 50,7,8) (S 52,8,9) (D 1,1,2)
3 73 138.00 14 (D 1,1,3) (S 38,1,6) (S 48,6,12) (S 61,12,20) (S 158,20,12) (S 62,13,14) (S 159,14,13) (S 63,13,21) (S 27,22,22) (S 80,22,23) (S 28,31,31) (S 191,32,28) (S 94,28,32) (D 1,1,3)
4 74 144.00 13 (D 1,1,4) (S 135,6,1) (S 145,12,6) (S 155,12,11) (S 59,11,19) (S 172,26,19) (S 156,19,11) (S 58,11,12) (S 26,23,23) (S 177,23,22) (S 66,15,16) (S 149,9,8) (D 1,1,4)
5 75 164.00 12 (D 1,1,5) (S 14,6,6) (S 49,6,13) (S 146,13,6) (S 47,6,7) (S 51,7,13) (S 148,13,7) (S 53,8,14) (S 150,14,8) (S 55,9,15) (S 30,42,42) (D 1,1,5)
6 72 158.00 17 (D 1,1,6) (S 20,5,5) (S 45,5,11) (S 107,34,35) (S 120,41,48) (S 217,48,41) (S 121,41,49) (S 218,49,41) (S 123,42,44) (S 220,44,42) (S 111,36,37) (S 124,43,45) (S 221,45,43) (S 208,37,36) (S 112,36,42) (S 209,42,36) (D 1,1,6)
7 75 147.00 12 (D 1,1,7) (S 152,15,9) (S 7,9,9) (S 163,16,15) (S 100,31,37) (S 197,37,31) (S 99,31,32) (S 31,32,32) (S 196,32,31) (S 114,37,43) (S 204,35,34) (D 1,1,7)
8 72 152.00 13 (D 1,1,8) (S 160,21,13) (S 6,27,27) (S 90,27,30) (S 19,30,30) (S 117,40,41) (S 207,41,35) (S 110,35,41) (S 214,41,40) (S 5,33,33) (S 11,39,39) (S 201,39,33) (D 1,1,8)
9 75 149.00 11 (D 1,1,9) (S 76,20,21) (S 79,21,27) (S 176,27,21) (S 173,21,20) (S 171,20,19) (S 72,18,26) (S 169,26,18) (S 22,18,18) (S 187,30,27) (D 1,1,9)
10 73 153.00 10 (D 1,1,10) (S 37,1,5) (S 142,11,5) (S 3,26,26) (S 74,19,20) (S 109,35,36) (S 206,36,35) (S 32,35,35) (S 200,34,33) (D 1,1,10)
11 72 143.00 11 (D 1,1,11) (S 69,16,24) (S 84,24,25) (S 181,25,24) (S 15,24,24) (S 166,24,16) (S 86,25,28) (S 29,28,28) (S 183,28,25) (S 101,32,37) (D 1,1,11)
12 75 181.00 11 (D 1,1,12) (S 144,7,6) (S 12,3,3) (S 42,3,9) (S 139,9,3) (S 43,4,10) (S 140,10,4) (S 8,10,10) (S 35,17,17) (S 70,17,25) (D 1,1,12)
13 74 142.00 10 (D 1,1,13) (S 83,23,31) (S 198,37,32) (S 33,38,38) (S 115,38,43) (S 211,43,37) (S 23,36,36) (S 126,44,49) (S 10,49,49) (D 1,1,13)
14 71 174.00 12 (D 1,1,14) (S 202,40,33) (S 105,33,40) (S 130,47,48) (S 227,48,47) (S 226,47,46) (S 129,46,47) (S 17,48,48) (S 119,41,42) (S 216,42,41) (S 223,49,44) (D 1,1,14)
15 75 189.00 11 (D 1,1,15) (S 65,14,22) (S 162,22,14) (S 180,31,23) (S 82,23,24) (S 179,24,23) (S 128,45,50) (S 225,50,45) (S 212,43,38) (S 199,38,32) (D 1,1,15)
16 73 203.00 11 (D 1,1,16) (S 78,21,22) (S 175,22,21) (S 92,27,35) (S 103,33,34) (S 104,33,39) (S 194,39,29) (S 97,29,39) (S 193,33,29) (S 96,29,33) (D 1,1,16)
17 72 207.00 10 (D 1,1,17) (S 56,9,16) (S 153,16,9) (S 54,9,10) (S 138,4,3) (S 41,3,4) (S 57,10,17) (S 165,17,16) (S 68,16,17) (D 1,1,17)
18 75 193.00 10 (D 1,1,18) (S 73,18,29) (S 170,29,18) (S 89,26,34) (S 186,34,26) (S 9,44,44) (S 127,44,50) (S 224,50,44) (S 125,43,50) (D 1,1,18)
19 70 214.00 10 (D 1,1,19) (S 134,5,1) (S 39,2,3) (S 136,3,2) (S 81,22,31) (S 178,31,22) (S 219,43,42) (S 122,42,43) (S 222,50,43) (D 1,1,19)
20 69 193.00 9 (D 1,1,20) (S 141,6,5) (S 44,5,6) (S 85,24,32) (S 102,32,38) (S 192,38,28) (S 95,28,38) (S 116,38,45) (D 1,1,20)
21 75 216.00 9 (D 1,1,21) (S 36,1,2) (S 133,2,1) (S 189,35,27) (S 91,27,31) (S 182,32,24) (S 167,25,17) (S 151,10,9) (D 1,1,21)
22 70 209.00 9 (D 1,1,22) (S 77,20,30) (S 106,33,46) (S 203,46,33) (S 131,48,49) (S 228,49,48) (S 113,37,38) (S 210,38,37) (D 1,1,22)
23 72 212.00 8 (D 1,1,23) (S 46,5,18) (S 143,18,5) (S 174,30,20) (S 93,27,36) (S 190,36,27) (S 188,31,27) (D 1,1,23)
24 44 174.00 6 (D 1,1,24) (S 213,45,38) (S 229,50,49) (S 132,49,50) (S 154,17,10) (D 1,1,24)
