173.00
11
15000000
15000000
1 4 8.00 4 (D 1,1,1) (S 2,3,3) (S 7,8,8) (D 1,1,1)
2 6 16.00 5 (D 1,1,2) (S 6,7,7) (S 10,7,11) (S 9,10,10) (D 1,1,2)
3 8 14.00 4 (D 1,1,3) (S 19,1,7) (S 25,7,8) (D 1,1,3)
4 1 6.00 3 (D 1,1,4) (S 22,3,10) (D 1,1,4)
5 13 25.00 5 (D 1,1,5) (S 4,5,5) (S 14,5,7) (S 17,7,10) (D 1,1,5)
6 20 24.00 5 (D 1,1,6) (S 11,1,2) (S 12,2,3) (S 21,2,8) (D 1,1,6)
7 5 7.00 3 (D 1,1,7) (S 23,1,8) (D 1,1,7)
8 8 9.00 3 (D 1,1,8) (S 18,1,11) (D 1,1,8)
9 8 20.00 4 (D 1,1,9) (S 15,1,3) (S 26,2,5) (D 1,1,9)
10 19 27.00 4 (D 1,1,10) (S 1,2,2) (S 28,3,11) (D 1,1,10)
11 9 17.00 3 (D 1,1,11) (S 27,3,5) (D 1,1,11)
