1692.00
8
31000000
31000000
1 74 190.00 19 (D 1,1,1) (S 57,1,7) (S 5,7,7) (S 56,7,13) (S 68,13,7) (S 4,6,6) (S 74,6,7) (S 11,14,14) (S 24,14,15) (S 49,15,9) (S 7,9,9) (S 48,9,15) (S 73,21,20) (S 81,20,26) (S 15,26,26) (S 65,26,20) (S 84,20,14) (S 42,22,23) (D 1,1,1)
2 74 162.00 11 (D 1,1,2) (S 35,1,2) (S 1,2,2) (S 26,12,13) (S 32,13,14) (S 76,15,21) (S 85,21,15) (S 13,21,21) (S 41,21,22) (S 72,22,28) (D 1,1,2)
3 74 187.00 12 (D 1,1,3) (S 43,7,6) (S 38,6,12) (S 10,12,12) (S 27,13,19) (S 36,19,25) (S 63,25,30) (S 19,30,30) (S 18,29,29) (S 23,29,30) (S 75,31,32) (D 1,1,3)
4 74 214.00 14 (D 1,1,4) (S 70,19,20) (S 86,20,19) (S 12,19,19) (S 82,25,29) (S 50,29,25) (S 33,30,31) (S 16,27,27) (S 59,27,28) (S 83,28,34) (S 22,34,34) (S 14,24,24) (S 30,23,28) (D 1,1,4)
5 73 191.00 13 (D 1,1,5) (S 34,2,13) (S 40,23,24) (S 78,24,17) (S 8,10,10) (S 25,10,16) (S 28,16,17) (S 52,17,11) (S 66,11,5) (S 61,5,11) (S 9,11,11) (S 58,11,17) (D 1,1,5)
6 73 279.00 11 (D 1,1,6) (S 64,18,12) (S 29,15,22) (S 17,28,28) (S 60,28,27) (S 77,34,24) (S 80,17,24) (S 69,24,11) (S 67,11,10) (S 71,32,27) (D 1,1,6)
7 71 283.00 8 (D 1,1,7) (S 45,18,29) (S 20,32,32) (S 31,26,31) (S 37,25,26) (S 44,6,18) (S 62,16,15) (D 1,1,7)
8 59 186.00 7 (D 1,1,8) (S 39,4,10) (S 53,10,11) (S 54,5,4) (S 3,4,4) (S 79,16,23) (D 1,1,8)
