1538.00
13
62000000
62000000
1 61 89.00 16 (D 1,1,1) (S 97,12,13) (S 60,13,12) (S 10,13,13) (S 72,13,14) (S 116,14,15) (S 98,15,14) (S 58,14,13) (S 89,15,16) (S 104,16,15) (S 67,15,9) (S 103,9,15) (S 101,15,23) (S 50,23,31) (S 21,31,31) (D 1,1,1)
2 13 27.00 5 (D 1,1,2) (S 109,6,12) (S 13,22,22) (S 73,22,23) (D 1,1,2)
3 49 85.00 10 (D 1,1,3) (S 45,1,6) (S 55,6,13) (S 118,14,22) (S 69,22,14) (S 11,16,16) (S 2,3,3) (S 82,2,7) (S 5,7,7) (D 1,1,3)
4 20 42.00 9 (D 1,1,4) (S 92,5,11) (S 96,19,18) (S 100,18,19) (S 12,18,18) (S 19,29,29) (S 76,29,26) (S 20,30,30) (D 1,1,4)
5 49 135.00 11 (D 1,1,5) (S 1,2,2) (S 71,1,5) (S 75,11,12) (S 9,12,12) (S 61,9,3) (S 91,3,2) (S 114,19,20) (S 111,20,19) (S 79,26,30) (D 1,1,5)
6 60 113.00 12 (D 1,1,6) (S 115,11,5) (S 59,11,19) (S 99,26,29) (S 16,26,26) (S 93,26,19) (S 66,20,21) (S 113,21,13) (S 7,9,9) (S 56,9,10) (S 8,10,10) (D 1,1,6)
7 60 132.00 9 (D 1,1,7) (S 4,6,6) (S 107,22,21) (S 102,21,22) (S 33,16,17) (S 15,25,25) (S 46,17,25) (S 81,17,10) (D 1,1,7)
8 153 327.00 34 (D 1,1,8) (S 83,5,18) (S 57,18,5) (S 77,18,29) (S 74,26,34) (S 35,34,35) (S 26,36,36) (S 54,42,44) (S 63,44,42) (S 28,42,42) (S 30,44,44) (S 39,44,49) (S 44,41,48) (S 32,47,47) (S 53,47,48) (S 80,41,40) (S 85,40,47) (S 38,41,49) (S 86,40,41) (S 51,41,42) (S 47,33,40) (S 34,33,39) (S 70,39,29) (S 117,36,42) (S 88,49,48) (S 106,50,45) (S 29,43,43) (S 37,43,45) (S 84,45,50) (S 110,43,37) (S 90,37,43) (S 62,32,28) (S 18,28,28) (D 1,1,8)
9 37 97.00 7 (D 1,1,9) (S 48,1,2) (S 25,35,35) (S 41,35,36) (S 17,27,27) (S 95,27,30) (D 1,1,9)
10 12 35.00 3 (D 1,1,10) (S 87,20,30) (D 1,1,10)
11 59 216.00 8 (D 1,1,11) (S 24,34,34) (S 64,27,35) (S 94,27,21) (S 43,27,36) (S 112,49,50) (S 108,37,31) (D 1,1,11)
12 11 69.00 4 (D 1,1,12) (S 22,32,32) (S 105,32,31) (D 1,1,12)
13 69 171.00 9 (D 1,1,13) (S 23,33,33) (S 27,38,38) (S 49,38,43) (S 42,43,50) (S 36,32,37) (S 40,32,38) (S 52,38,45) (D 1,1,13)
