1375.00
8
47000000
47000000
1 150 244.00 30 (D 1,1,1) (S 3,6,6) (S 61,6,7) (S 71,7,2) (S 74,2,7) (S 4,7,7) (S 1,2,2) (S 96,2,1) (S 46,1,6) (S 2,5,5) (S 81,5,1) (S 72,1,5) (S 14,19,19) (S 8,11,11) (S 9,12,12) (S 100,12,13) (S 10,13,13) (S 82,14,15) (S 12,15,15) (S 44,15,23) (S 77,9,8) (S 5,8,8) (S 80,14,13) (S 110,13,14) (S 11,14,14) (S 98,15,9) (S 6,9,9) (S 78,8,14) (S 57,23,24) (D 1,1,1)
2 42 82.00 6 (D 1,1,2) (S 65,1,2) (S 108,18,19) (S 93,19,20) (S 15,20,20) (D 1,1,2)
3 149 321.00 34 (D 1,1,3) (S 13,18,18) (S 64,26,19) (S 54,11,12) (S 50,11,19) (S 67,13,6) (S 106,5,18) (S 21,26,26) (S 26,34,34) (S 107,34,40) (S 97,40,34) (S 31,40,40) (S 43,40,41) (S 94,42,44) (S 34,44,44) (S 85,44,42) (S 91,42,41) (S 32,41,41) (S 76,41,42) (S 27,35,35) (S 41,35,36) (S 28,36,36) (S 53,34,35) (S 60,34,33) (S 79,33,40) (S 109,33,34) (S 23,29,29) (S 39,29,39) (S 45,29,33) (S 101,36,27) (S 69,31,37) (S 29,37,37) (S 70,37,31) (D 1,1,3)
4 132 253.00 15 (D 1,1,4) (S 92,18,29) (S 25,33,33) (S 38,26,34) (S 18,23,23) (S 19,24,24) (S 40,28,32) (S 48,32,37) (S 73,28,38) (S 99,38,32) (S 24,31,31) (S 22,27,27) (S 55,27,31) (S 56,24,32) (D 1,1,4)
5 72 171.00 10 (D 1,1,5) (S 105,5,6) (S 87,18,26) (S 47,3,9) (S 7,10,10) (S 49,10,17) (S 20,25,25) (S 68,25,24) (S 30,38,38) (D 1,1,5)
6 19 109.00 6 (D 1,1,6) (S 86,4,10) (S 95,16,15) (S 83,3,4) (S 103,16,24) (D 1,1,6)
7 8 63.00 3 (D 1,1,7) (S 63,17,25) (D 1,1,7)
8 13 132.00 4 (D 1,1,8) (S 111,16,9) (S 51,16,17) (D 1,1,8)
