1254.00
8
47000000
47000000
1 27 46.00 10 (D 1,1,1) (S 3,6,6) (S 9,12,12) (S 60,12,20) (S 14,20,20) (S 74,21,13) (S 116,13,12) (S 117,12,11) (S 8,11,11) (D 1,1,1)
2 58 86.00 14 (D 1,1,2) (S 46,1,6) (S 10,13,13) (S 70,13,21) (S 97,21,27) (S 93,30,26) (S 114,26,19) (S 105,19,26) (S 67,18,19) (S 108,26,18) (S 107,18,26) (S 18,26,26) (S 99,19,11) (D 1,1,2)
3 21 34.00 5 (D 1,1,3) (S 5,8,8) (S 75,14,15) (S 11,15,15) (D 1,1,3)
4 140 312.00 28 (D 1,1,4) (S 95,7,8) (S 54,8,14) (S 110,14,22) (S 72,31,32) (S 43,28,32) (S 104,32,31) (S 27,36,36) (S 26,35,35) (S 58,35,27) (S 21,30,30) (S 94,27,21) (S 118,12,6) (S 51,6,13) (S 53,20,21) (S 40,27,30) (S 20,29,29) (S 65,29,18) (S 101,18,29) (S 61,19,20) (S 85,20,30) (S 80,27,35) (S 19,27,27) (S 81,30,20) (S 42,6,7) (S 4,7,7) (S 89,5,11) (D 1,1,4)
5 178 394.00 34 (D 1,1,5) (S 2,5,5) (S 41,5,6) (S 92,37,43) (S 31,43,43) (S 82,43,37) (S 66,37,36) (S 88,36,35) (S 79,18,5) (S 39,31,37) (S 109,37,32) (S 113,32,37) (S 30,42,42) (S 48,42,44) (S 78,42,36) (S 49,22,31) (S 22,31,31) (S 23,32,32) (S 62,32,24) (S 102,24,16) (S 68,16,24) (S 17,24,24) (S 77,24,25) (S 55,25,28) (S 73,43,50) (S 56,50,43) (S 100,43,42) (S 29,41,41) (S 52,41,48) (S 37,41,49) (S 35,49,49) (S 87,40,34) (S 25,34,34) (D 1,1,5)
6 73 156.00 13 (D 1,1,6) (S 15,22,22) (S 90,37,38) (S 33,45,45) (S 112,45,38) (S 63,38,45) (S 69,38,43) (S 32,44,44) (S 106,42,41) (S 28,40,40) (S 45,40,41) (S 59,48,47) (D 1,1,6)
7 34 117.00 8 (D 1,1,7) (S 57,24,32) (S 38,28,38) (S 98,38,37) (S 71,50,44) (S 91,48,49) (S 83,49,48) (D 1,1,7)
8 23 109.00 4 (D 1,1,8) (S 36,50,50) (S 12,16,16) (D 1,1,8)
