974.00
9
31000000
31000000
1 54 122.00 13 (D 1,1,1) (S 43,2,3) (S 56,3,2) (S 51,2,9) (S 5,8,8) (S 53,8,13) (S 39,13,8) (S 50,13,16) (S 42,16,11) (S 45,11,12) (S 46,12,11) (S 9,12,12) (D 1,1,1)
2 54 109.00 7 (D 1,1,2) (S 24,1,2) (S 1,3,3) (S 30,1,8) (S 34,8,9) (S 63,16,12) (D 1,1,2)
3 49 96.00 8 (D 1,1,3) (S 12,17,17) (S 16,22,22) (S 48,25,30) (S 32,26,30) (S 22,30,30) (S 19,26,26) (D 1,1,3)
4 34 83.00 6 (D 1,1,4) (S 38,16,13) (S 15,21,21) (S 37,21,24) (S 18,24,24) (D 1,1,4)
5 59 151.00 11 (D 1,1,5) (S 23,16,21) (S 36,21,28) (S 40,28,29) (S 21,29,29) (S 44,29,28) (S 41,21,29) (S 60,29,21) (S 13,18,18) (S 55,18,15) (D 1,1,5)
6 63 174.00 8 (D 1,1,6) (S 6,9,9) (S 28,17,22) (S 29,22,25) (S 62,25,29) (S 26,16,17) (S 47,22,21) (D 1,1,6)
7 19 45.00 3 (D 1,1,7) (S 8,11,11) (D 1,1,7)
8 65 132.00 7 (D 1,1,8) (S 33,17,18) (S 25,10,15) (S 35,15,19) (S 11,15,15) (S 7,10,10) (D 1,1,8)
9 12 62.00 3 (D 1,1,9) (S 52,17,13) (D 1,1,9)
