1154.00
11
63000000
63000000
1 224 437.00 54 (D 1,1,1) (S 5,9,9) (S 74,13,21) (S 19,26,26) (S 106,21,20) (S 108,20,21) (S 14,21,21) (S 50,21,26) (S 100,34,35) (S 20,27,27) (S 26,35,35) (S 27,36,36) (S 51,35,36) (S 98,35,27) (S 105,27,35) (S 85,27,26) (S 67,20,25) (S 25,33,33) (S 40,25,33) (S 18,25,25) (S 79,41,42) (S 58,42,41) (S 30,41,41) (S 101,28,27) (S 48,26,34) (S 43,34,42) (S 71,43,42) (S 31,43,43) (S 34,48,48) (S 81,45,46) (S 70,46,45) (S 75,38,36) (S 32,44,44) (S 36,36,44) (S 17,24,24) (S 53,24,29) (S 21,29,29) (S 12,17,17) (S 22,30,30) (S 82,30,29) (S 112,24,17) (S 54,10,11) (S 90,11,12) (S 88,12,11) (S 6,10,10) (S 77,10,5) (S 87,2,3) (S 95,3,2) (S 42,2,5) (S 96,5,6) (S 3,6,6) (S 57,6,7) (S 4,7,7) (D 1,1,1)
2 24 44.00 7 (D 1,1,2) (S 91,1,9) (S 73,9,1) (S 60,1,10) (S 109,6,5) (S 1,3,3) (D 1,1,2)
3 33 76.00 8 (D 1,1,3) (S 80,1,16) (S 111,15,23) (S 83,23,29) (S 41,28,36) (S 45,28,29) (S 23,31,31) (D 1,1,3)
4 29 64.00 9 (D 1,1,4) (S 104,16,15) (S 76,15,1) (S 7,11,11) (S 13,18,18) (S 37,18,19) (S 24,32,32) (S 63,32,31) (D 1,1,4)
5 12 15.00 3 (D 1,1,5) (S 102,1,5) (D 1,1,5)
6 23 35.00 4 (D 1,1,6) (S 44,10,17) (S 94,17,31) (D 1,1,6)
7 113 227.00 14 (D 1,1,7) (S 11,16,16) (S 86,15,16) (S 10,15,15) (S 16,23,23) (S 55,33,41) (S 47,35,43) (S 93,48,45) (S 107,50,46) (S 64,38,30) (S 49,17,30) (S 68,12,19) (S 52,19,32) (D 1,1,7)
8 51 89.00 7 (D 1,1,8) (S 8,13,13) (S 46,43,48) (S 38,45,50) (S 61,50,49) (S 35,49,49) (D 1,1,8)
9 32 122.00 9 (D 1,1,9) (S 69,8,13) (S 92,38,37) (S 56,37,38) (S 103,38,46) (S 66,46,38) (S 114,37,44) (S 59,45,48) (D 1,1,9)
10 12 19.00 3 (D 1,1,10) (S 78,9,13) (D 1,1,10)
11 10 26.00 3 (D 1,1,11) (S 39,8,9) (D 1,1,11)
