643.00
7
31000000
31000000
1 166 284.00 23 (D 1,1,1) (S 45,1,2) (S 2,3,3) (S 3,4,4) (S 57,4,9) (S 8,9,9) (S 39,9,4) (S 58,4,13) (S 46,13,12) (S 11,12,12) (S 7,8,8) (S 60,8,2) (S 1,2,2) (S 37,3,4) (S 18,22,22) (S 15,18,18) (S 31,18,21) (S 27,19,22) (S 42,18,19) (S 16,19,19) (S 35,21,22) (S 28,13,19) (D 1,1,1)
2 30 47.00 9 (D 1,1,2) (S 23,31,31) (S 25,5,31) (S 54,31,28) (S 49,28,29) (S 48,29,27) (S 21,27,27) (S 26,24,27) (D 1,1,2)
3 74 118.00 12 (D 1,1,3) (S 50,1,31) (S 4,5,5) (S 36,29,28) (S 59,28,26) (S 24,23,26) (S 38,26,28) (S 22,29,29) (S 19,23,23) (S 33,23,25) (S 20,25,25) (D 1,1,3)
4 17 28.00 4 (D 1,1,4) (S 32,1,30) (S 43,30,29) (D 1,1,4)
5 11 27.00 4 (D 1,1,5) (S 6,7,7) (S 56,6,5) (D 1,1,5)
6 40 70.00 5 (D 1,1,6) (S 51,2,3) (S 40,12,8) (S 29,8,9) (D 1,1,6)
7 37 69.00 5 (D 1,1,7) (S 30,1,7) (S 34,6,7) (S 5,6,6) (D 1,1,7)
