652.00
12
47000000
47000000
1 65 146.00 23 (D 1,1,1) (S 46,1,2) (S 1,2,2) (S 61,2,6) (S 68,6,12) (S 55,12,6) (S 8,13,13) (S 3,7,7) (S 28,7,13) (S 71,3,4) (S 47,4,3) (S 35,3,7) (S 54,3,37) (S 79,37,38) (S 67,38,37) (S 21,37,37) (S 44,37,3) (S 34,4,38) (S 22,39,39) (S 59,39,38) (S 75,38,39) (S 81,36,37) (D 1,1,1)
2 5 9.00 3 (D 1,1,2) (S 23,40,40) (D 1,1,2)
3 5 9.00 3 (D 1,1,3) (S 72,1,40) (D 1,1,3)
4 57 119.00 9 (D 1,1,4) (S 62,6,7) (S 52,37,36) (S 2,6,6) (S 42,12,17) (S 76,17,13) (S 40,13,19) (S 64,2,3) (D 1,1,4)
5 40 85.00 8 (D 1,1,5) (S 4,8,8) (S 5,9,9) (S 77,9,8) (S 70,8,9) (S 9,14,14) (S 39,8,14) (D 1,1,5)
6 27 45.00 5 (D 1,1,6) (S 38,1,33) (S 18,33,33) (S 51,10,9) (D 1,1,6)
7 9 13.00 3 (D 1,1,7) (S 60,1,8) (D 1,1,7)
8 62 99.00 9 (D 1,1,8) (S 19,34,34) (S 63,27,28) (S 14,28,28) (S 57,28,27) (S 25,27,34) (S 24,26,27) (S 13,26,26) (D 1,1,8)
9 4 14.00 3 (D 1,1,9) (S 74,35,34) (D 1,1,9)
10 34 48.00 5 (D 1,1,10) (S 41,1,35) (S 20,35,35) (S 84,35,28) (D 1,1,10)
11 25 37.00 4 (D 1,1,11) (S 37,2,36) (S 7,12,12) (D 1,1,11)
12 12 28.00 3 (D 1,1,12) (S 31,1,10) (D 1,1,12)
