308.00
10
16000000
16000000
1 3 13.00 5 (D 1,1,1) (S 14,1,12) (S 4,6,6) (S 9,6,12) (D 1,1,1)
2 2 27.00 4 (D 1,1,2) (S 6,9,9) (S 18,9,11) (D 1,1,2)
3 1 12.00 3 (D 1,1,3) (S 11,1,9) (D 1,1,3)
4 5 47.00 6 (D 1,1,4) (S 13,1,4) (S 2,3,3) (S 16,3,5) (S 3,5,5) (D 1,1,4)
5 1 20.00 3 (D 1,1,5) (S 7,10,10) (D 1,1,5)
6 1 20.00 3 (D 1,1,6) (S 12,1,10) (D 1,1,6)
7 3 33.00 5 (D 1,1,7) (S 19,1,7) (S 5,8,8) (S 20,8,10) (D 1,1,7)
8 1 28.00 3 (D 1,1,8) (S 10,7,8) (D 1,1,8)
9 1 50.00 3 (D 1,1,9) (S 15,5,6) (D 1,1,9)
10 1 58.00 3 (D 1,1,10) (S 8,3,4) (D 1,1,10)
