1519.00
7
62000000
62000000
1 108 210.00 24 (D 1,1,1) (S 6,18,18) (S 100,19,18) (S 116,18,26) (S 7,19,19) (S 10,26,26) (S 84,26,19) (S 81,29,26) (S 101,26,18) (S 18,40,40) (S 92,40,47) (S 71,47,40) (S 17,39,39) (S 83,33,34) (S 14,34,34) (S 110,34,30) (S 120,30,27) (S 119,27,30) (S 12,31,31) (S 52,31,27) (S 65,27,31) (S 46,23,31) (S 11,27,27) (D 1,1,1)
2 189 370.00 44 (D 1,1,2) (S 49,5,11) (S 2,12,12) (S 63,12,6) (S 95,6,12) (S 108,12,11) (S 61,11,12) (S 72,13,12) (S 1,6,6) (S 96,6,13) (S 3,13,13) (S 30,12,20) (S 78,20,19) (S 82,26,34) (S 121,34,40) (S 45,41,48) (S 74,41,40) (S 44,47,48) (S 19,41,41) (S 28,35,41) (S 93,42,44) (S 22,44,44) (S 39,44,49) (S 24,49,49) (S 23,45,45) (S 31,43,45) (S 21,43,43) (S 53,43,37) (S 123,37,43) (S 20,42,42) (S 94,42,43) (S 15,37,37) (S 85,32,28) (S 57,28,32) (S 41,32,37) (S 60,43,42) (S 36,44,50) (S 118,50,45) (S 89,32,24) (S 56,24,25) (S 34,25,28) (S 97,16,15) (S 115,15,14) (D 1,1,2)
3 28 53.00 8 (D 1,1,3) (S 99,2,7) (S 88,7,2) (S 47,7,8) (S 4,14,14) (S 80,14,22) (S 91,22,23) (D 1,1,3)
4 129 283.00 21 (D 1,1,4) (S 106,1,5) (S 90,11,5) (S 112,11,19) (S 102,29,39) (S 43,33,40) (S 48,33,39) (S 55,34,33) (S 76,33,29) (S 105,34,26) (S 67,18,5) (S 59,5,18) (S 111,18,29) (S 32,33,46) (S 27,46,47) (S 58,36,42) (S 13,32,32) (S 107,24,32) (S 5,15,15) (S 114,15,23) (D 1,1,4)
5 61 138.00 14 (D 1,1,5) (S 38,8,9) (S 109,9,15) (S 42,8,14) (S 104,9,3) (S 117,3,9) (S 64,9,10) (S 103,10,4) (S 51,4,10) (S 54,10,9) (S 29,9,16) (S 35,16,24) (S 87,24,23) (D 1,1,5)
6 37 90.00 8 (D 1,1,6) (S 69,7,13) (S 40,6,7) (S 79,2,3) (S 70,3,2) (S 9,22,22) (S 62,22,31) (D 1,1,6)
7 141 375.00 16 (D 1,1,7) (S 33,1,2) (S 98,6,5) (S 8,20,20) (S 37,35,36) (S 77,36,37) (S 75,28,38) (S 68,38,37) (S 26,16,17) (S 25,17,25) (S 122,17,10) (S 50,4,3) (S 16,38,38) (S 73,49,50) (S 86,35,27) (D 1,1,7)
