81120.00
79
109000000
109000000
1 119 562.00 11 (D 1,1,1) (S 370,116,115) (S 180,115,116) (S 371,116,1) (S 181,1,116) (S 182,116,117) (S 374,117,2) (S 184,2,117) (S 192,121,122) (S 329,87,86) (D 1,1,1)
2 119 521.00 13 (D 1,1,2) (S 183,115,117) (S 372,117,116) (S 366,113,112) (S 176,112,113) (S 23,112,112) (S 173,110,111) (S 363,111,110) (S 362,110,107) (S 172,107,110) (S 174,110,112) (S 364,112,110) (D 1,1,2)
3 118 663.00 12 (D 1,1,3) (S 373,117,115) (S 368,114,113) (S 178,113,114) (S 365,112,107) (S 175,107,112) (S 356,105,104) (S 28,104,104) (S 166,104,105) (S 2,105,105) (S 350,101,94) (D 1,1,3)
4 119 562.00 10 (D 1,1,4) (S 187,119,120) (S 5,122,122) (S 382,122,121) (S 139,86,87) (S 15,87,87) (S 19,86,86) (S 193,87,122) (S 404,138,136) (D 1,1,4)
5 119 553.00 9 (D 1,1,5) (S 186,117,119) (S 377,120,119) (S 191,120,121) (S 381,121,120) (S 380,121,118) (S 190,118,121) (S 194,122,123) (D 1,1,5)
6 118 628.00 11 (D 1,1,6) (S 376,119,117) (S 333,91,90) (S 143,90,91) (S 26,90,90) (S 332,90,88) (S 142,88,90) (S 141,88,89) (S 146,89,92) (S 336,92,89) (D 1,1,6)
7 120 862.00 10 (D 1,1,7) (S 369,115,114) (S 357,106,105) (S 167,105,106) (S 160,94,101) (S 162,101,102) (S 352,102,101) (S 25,63,63) (S 286,56,55) (D 1,1,7)
8 119 646.00 11 (D 1,1,8) (S 383,122,87) (S 24,85,85) (S 327,85,84) (S 137,84,85) (S 325,84,82) (S 133,82,83) (S 323,83,82) (S 135,82,84) (S 131,80,81) (D 1,1,8)
9 120 695.00 13 (D 1,1,9) (S 384,123,122) (S 199,124,126) (S 389,126,124) (S 207,131,132) (S 397,132,131) (S 208,132,133) (S 398,133,132) (S 8,133,133) (S 209,133,134) (S 12,135,135) (S 399,134,133) (D 1,1,9)
10 120 812.00 8 (D 1,1,10) (S 169,107,108) (S 359,108,107) (S 358,107,106) (S 168,106,107) (S 296,63,62) (S 106,62,63) (D 1,1,10)
11 118 745.00 9 (D 1,1,11) (S 196,120,123) (S 214,136,138) (S 30,136,136) (S 406,138,125) (S 216,125,138) (S 211,134,135) (S 204,127,129) (D 1,1,11)
12 120 1116.00 10 (D 1,1,12) (S 179,114,115) (S 328,86,85) (S 138,85,86) (S 326,84,83) (S 320,81,79) (S 130,79,81) (S 275,46,43) (S 155,97,98) (D 1,1,12)
13 118 778.00 7 (D 1,1,13) (S 185,117,118) (S 379,118,91) (S 331,89,88) (S 322,82,80) (S 273,47,42) (D 1,1,13)
14 119 726.00 9 (D 1,1,14) (S 200,126,127) (S 394,129,127) (S 390,127,126) (S 206,126,131) (S 210,133,135) (S 401,135,134) (S 400,135,133) (D 1,1,14)
15 119 682.00 6 (D 1,1,15) (S 195,123,124) (S 385,124,123) (S 197,123,125) (S 213,136,137) (D 1,1,15)
16 118 750.00 13 (D 1,1,16) (S 164,91,103) (S 354,103,91) (S 113,67,69) (S 17,69,69) (S 303,69,67) (S 116,69,71) (S 306,71,69) (S 114,69,70) (S 304,70,69) (S 112,67,68) (S 302,68,67) (D 1,1,16)
17 120 883.00 11 (D 1,1,17) (S 386,123,120) (S 319,80,79) (S 129,79,80) (S 321,81,80) (S 132,80,82) (S 324,83,81) (S 318,79,78) (S 85,43,46) (S 83,42,47) (D 1,1,17)
18 119 812.00 9 (D 1,1,18) (S 355,104,102) (S 165,102,104) (S 159,94,100) (S 349,100,94) (S 341,94,93) (S 151,93,94) (S 107,63,64) (D 1,1,18)
19 120 754.00 7 (D 1,1,19) (S 367,113,103) (S 353,103,102) (S 297,64,63) (S 295,62,57) (S 115,70,71) (D 1,1,19)
20 118 883.00 8 (D 1,1,20) (S 140,86,88) (S 330,88,86) (S 136,83,84) (S 134,81,83) (S 128,78,79) (S 268,43,42) (D 1,1,20)
21 120 1152.00 7 (D 1,1,21) (S 189,91,118) (S 375,118,117) (S 201,127,128) (S 315,77,76) (S 68,35,36) (D 1,1,21)
22 120 1202.00 9 (D 1,1,22) (S 360,108,106) (S 170,106,108) (S 7,109,109) (S 153,95,96) (S 343,96,95) (S 345,98,97) (S 117,71,72) (D 1,1,22)
23 117 822.00 7 (D 1,1,23) (S 148,84,92) (S 337,92,82) (S 147,82,92) (S 338,92,84) (S 84,46,47) (D 1,1,23)
24 120 1033.00 8 (D 1,1,24) (S 387,125,123) (S 393,129,128) (S 391,128,127) (S 203,128,129) (S 317,78,77) (S 78,42,43) (D 1,1,24)
25 118 831.00 10 (D 1,1,25) (S 188,114,118) (S 305,71,70) (S 410,70,58) (S 220,58,70) (S 307,72,71) (S 310,74,73) (S 120,73,74) (S 125,76,77) (D 1,1,25)
26 119 941.00 7 (D 1,1,26) (S 396,131,126) (S 205,126,130) (S 395,130,126) (S 274,47,46) (S 126,46,77) (D 1,1,26)
27 120 1219.00 9 (D 1,1,27) (S 402,136,134) (S 212,134,136) (S 403,137,136) (S 127,77,78) (S 258,36,35) (S 72,38,39) (S 82,34,45) (D 1,1,27)
28 119 1057.00 9 (D 1,1,28) (S 177,103,113) (S 346,99,96) (S 156,96,99) (S 154,96,97) (S 344,97,96) (S 108,64,65) (S 96,55,56) (D 1,1,28)
29 118 990.00 6 (D 1,1,29) (S 378,118,114) (S 351,101,66) (S 161,66,101) (S 272,45,34) (D 1,1,29)
30 119 1181.00 11 (D 1,1,30) (S 316,77,46) (S 269,43,37) (S 18,35,35) (S 22,36,36) (S 262,39,38) (S 75,38,41) (S 265,41,38) (S 264,41,40) (S 249,29,28) (D 1,1,30)
31 118 1141.00 10 (D 1,1,31) (S 119,72,74) (S 309,74,72) (S 118,72,73) (S 308,73,72) (S 29,59,59) (S 100,59,60) (S 291,60,45) (S 59,28,29) (D 1,1,31)
32 120 864.00 5 (D 1,1,32) (S 10,81,81) (S 267,42,37) (S 278,49,48) (D 1,1,32)
33 118 1206.00 10 (D 1,1,33) (S 340,93,63) (S 105,57,62) (S 98,57,58) (S 288,58,57) (S 285,55,54) (S 95,54,55) (S 217,55,140) (S 60,28,30) (D 1,1,33)
34 118 1063.00 8 (D 1,1,34) (S 339,93,64) (S 298,65,64) (S 149,64,93) (S 150,63,93) (S 407,140,55) (S 89,48,50) (D 1,1,34)
35 118 887.00 7 (D 1,1,35) (S 6,46,46) (S 79,37,43) (S 77,37,42) (S 259,37,35) (S 74,40,41) (D 1,1,35)
36 120 1232.00 7 (D 1,1,36) (S 111,66,67) (S 301,67,66) (S 300,66,62) (S 282,53,52) (S 250,30,28) (D 1,1,36)
37 118 1067.00 6 (D 1,1,37) (S 163,102,103) (S 348,100,99) (S 158,99,100) (S 88,48,49) (D 1,1,37)
38 116 1145.00 6 (D 1,1,38) (S 405,138,131) (S 215,131,138) (S 81,44,45) (S 279,50,48) (D 1,1,38)
39 117 1243.00 8 (D 1,1,39) (S 314,76,74) (S 124,74,76) (S 260,37,36) (S 69,35,37) (S 70,36,37) (S 248,28,27) (D 1,1,39)
40 117 1381.00 7 (D 1,1,40) (S 392,128,3) (S 202,3,128) (S 271,45,44) (S 101,45,60) (S 43,13,17) (D 1,1,40)
41 116 955.00 7 (D 1,1,41) (S 122,71,75) (S 312,75,71) (S 294,61,49) (S 104,49,61) (S 290,60,59) (D 1,1,41)
42 118 980.00 5 (D 1,1,42) (S 335,91,66) (S 110,62,66) (S 92,52,53) (D 1,1,42)
43 120 954.00 5 (D 1,1,43) (S 334,90,68) (S 99,58,59) (S 276,139,33) (D 1,1,43)
44 118 1140.00 7 (D 1,1,44) (S 80,43,44) (S 270,44,43) (S 71,36,38) (S 73,39,40) (S 86,33,139) (D 1,1,44)
45 116 958.00 5 (D 1,1,45) (S 152,94,95) (S 347,99,97) (S 299,65,56) (D 1,1,45)
46 120 1292.00 6 (D 1,1,46) (S 388,124,4) (S 311,73,44) (S 13,28,28) (S 58,27,28) (D 1,1,46)
47 120 1292.00 9 (D 1,1,47) (S 218,54,140) (S 408,140,54) (S 281,52,51) (S 91,51,52) (S 93,53,140) (S 283,140,53) (S 38,12,13) (D 1,1,47)
48 116 1216.00 7 (D 1,1,48) (S 103,59,61) (S 94,49,140) (S 284,140,49) (S 293,61,59) (S 233,17,13) (D 1,1,48)
49 119 948.00 5 (D 1,1,49) (S 109,56,65) (S 97,56,57) (S 289,59,58) (D 1,1,49)
50 119 948.00 5 (D 1,1,50) (S 313,76,75) (S 123,75,76) (S 261,38,36) (D 1,1,50)
51 116 1114.00 5 (D 1,1,51) (S 157,97,99) (S 342,95,94) (S 90,50,51) (D 1,1,51)
52 114 1284.00 12 (D 1,1,52) (S 263,40,39) (S 21,11,11) (S 45,17,18) (S 46,18,19) (S 236,19,18) (S 235,18,17) (S 41,15,16) (S 231,16,15) (S 14,10,10) (S 225,10,9) (D 1,1,52)
53 117 1255.00 6 (D 1,1,53) (S 121,44,73) (S 102,60,61) (S 292,61,60) (S 20,6,6) (D 1,1,53)
54 115 1180.00 6 (D 1,1,54) (S 287,57,56) (S 280,51,50) (S 255,33,11) (S 44,13,16) (D 1,1,54)
55 112 1154.00 5 (D 1,1,55) (S 144,68,90) (S 1,27,27) (S 16,30,30) (D 1,1,55)
56 118 1053.00 4 (D 1,1,56) (S 145,66,91) (S 66,34,139) (D 1,1,56)
57 116 1375.00 6 (D 1,1,57) (S 198,4,124) (S 65,11,33) (S 228,13,12) (S 232,17,15) (D 1,1,57)
58 113 1367.00 4 (D 1,1,58) (S 171,108,109) (S 223,8,6) (D 1,1,58)
59 112 1045.00 7 (D 1,1,59) (S 37,11,12) (S 27,16,16) (S 234,16,13) (S 4,14,14) (S 229,14,13) (D 1,1,59)
60 111 1187.00 6 (D 1,1,60) (S 257,35,34) (S 33,6,8) (S 32,6,7) (S 222,7,6) (D 1,1,60)
61 120 1170.00 8 (D 1,1,61) (S 244,25,24) (S 54,24,25) (S 3,25,25) (S 57,25,27) (S 247,27,25) (S 50,20,22) (D 1,1,61)
62 119 1440.00 10 (D 1,1,62) (S 39,13,14) (S 42,15,17) (S 230,15,10) (S 40,10,15) (S 35,9,10) (S 47,10,19) (S 240,22,20) (S 11,21,21) (D 1,1,62)
63 118 1252.00 5 (D 1,1,63) (S 67,34,35) (S 227,12,11) (S 9,22,22) (D 1,1,63)
64 110 1279.00 5 (D 1,1,64) (S 87,48,139) (S 256,139,34) (S 252,31,26) (D 1,1,64)
65 117 1314.00 6 (D 1,1,65) (S 277,139,48) (S 63,30,32) (S 253,32,30) (S 62,26,31) (D 1,1,65)
66 120 1309.00 6 (D 1,1,66) (S 48,12,20) (S 52,20,24) (S 242,24,20) (S 56,23,26) (D 1,1,66)
67 113 1192.00 5 (D 1,1,67) (S 254,33,29) (S 246,26,23) (S 251,31,30) (D 1,1,67)
68 117 1272.00 6 (D 1,1,68) (S 221,6,5) (S 31,5,6) (S 34,8,9) (S 237,19,10) (D 1,1,68)
69 96 1032.00 4 (D 1,1,69) (S 226,11,8) (S 36,8,11) (D 1,1,69)
70 91 1107.00 4 (D 1,1,70) (S 219,11,27) (S 61,30,31) (D 1,1,70)
71 103 648.00 3 (D 1,1,71) (S 361,109,108) (D 1,1,71)
72 119 1424.00 5 (D 1,1,72) (S 238,20,12) (S 224,9,8) (S 55,25,26) (D 1,1,72)
73 99 844.00 3 (D 1,1,73) (S 266,47,41) (D 1,1,73)
74 102 1141.00 4 (D 1,1,74) (S 64,29,33) (S 409,27,11) (D 1,1,74)
75 113 1253.00 4 (D 1,1,75) (S 49,20,21) (S 51,21,23) (D 1,1,75)
76 99 844.00 3 (D 1,1,76) (S 76,41,47) (D 1,1,76)
77 104 1268.00 4 (D 1,1,77) (S 245,26,25) (S 243,24,23) (D 1,1,77)
78 113 1253.00 4 (D 1,1,78) (S 241,23,21) (S 239,21,20) (D 1,1,78)
79 56 1091.00 3 (D 1,1,79) (S 53,23,24) (D 1,1,79)
