1495.00
9
31000000
31000000
1 65 191.00 16 (D 1,1,1) (S 1,2,2) (S 67,2,3) (S 51,3,2) (S 22,1,5) (S 36,1,2) (S 7,10,10) (S 45,10,9) (S 71,9,10) (S 72,9,2) (S 4,7,7) (S 49,7,6) (S 2,4,4) (S 35,4,6) (S 50,11,12) (D 1,1,1)
2 64 130.00 11 (D 1,1,2) (S 18,1,8) (S 41,8,13) (S 52,13,8) (S 53,8,14) (S 65,14,17) (S 56,17,14) (S 47,14,8) (S 5,8,8) (S 17,12,13) (D 1,1,2)
3 65 173.00 15 (D 1,1,3) (S 24,5,8) (S 69,12,11) (S 8,11,11) (S 46,12,16) (S 9,16,16) (S 12,21,21) (S 63,21,22) (S 13,22,22) (S 68,22,29) (S 55,29,22) (S 78,22,21) (S 77,30,25) (S 76,25,30) (D 1,1,3)
4 65 183.00 9 (D 1,1,4) (S 25,3,10) (S 37,18,19) (S 38,15,9) (S 6,9,9) (S 28,10,19) (S 54,18,15) (S 59,20,21) (D 1,1,4)
5 62 174.00 12 (D 1,1,5) (S 66,13,16) (S 44,16,13) (S 19,16,21) (S 15,28,28) (S 26,24,28) (S 21,20,24) (S 11,20,20) (S 61,20,16) (S 73,21,24) (S 23,24,27) (D 1,1,5)
6 60 201.00 12 (D 1,1,6) (S 48,14,13) (S 27,21,28) (S 39,21,29) (S 16,30,30) (S 42,25,29) (S 62,29,30) (S 57,30,29) (S 70,29,28) (S 31,17,22) (S 74,29,21) (D 1,1,6)
7 65 185.00 8 (D 1,1,7) (S 3,6,6) (S 43,4,5) (S 34,7,8) (S 30,14,15) (S 33,15,19) (S 75,7,12) (D 1,1,7)
8 64 171.00 6 (D 1,1,8) (S 10,17,17) (S 29,16,17) (S 64,15,8) (S 20,11,20) (D 1,1,8)
9 11 87.00 3 (D 1,1,9) (S 32,27,28) (D 1,1,9)
