1388.00
8
31000000
31000000
1 63 139.00 18 (D 1,1,1) (S 71,1,5) (S 44,5,1) (S 4,7,7) (S 33,4,7) (S 59,7,6) (S 60,6,7) (S 3,4,4) (S 8,11,11) (S 56,16,20) (S 53,20,16) (S 50,20,27) (S 72,27,20) (S 61,20,21) (S 48,21,22) (S 64,22,17) (S 14,17,17) (D 1,1,1)
2 150 391.00 21 (D 1,1,2) (S 46,5,8) (S 52,8,5) (S 9,12,12) (S 63,12,11) (S 57,11,16) (S 67,16,13) (S 41,13,8) (S 6,9,9) (S 27,8,9) (S 30,4,5) (S 42,12,16) (S 36,16,21) (S 17,21,21) (S 62,24,28) (S 66,28,21) (S 10,13,13) (S 11,14,14) (S 32,13,14) (S 19,23,23) (D 1,1,2)
3 103 171.00 8 (D 1,1,3) (S 55,1,9) (S 5,8,8) (S 31,7,12) (S 16,20,20) (S 68,24,21) (S 18,22,22) (D 1,1,3)
4 83 189.00 10 (D 1,1,4) (S 37,6,11) (S 47,13,16) (S 45,27,24) (S 22,28,28) (S 51,28,27) (S 13,16,16) (S 7,10,10) (S 2,3,3) (D 1,1,4)
5 59 139.00 11 (D 1,1,5) (S 26,14,15) (S 12,15,15) (S 15,18,18) (S 58,18,23) (S 65,23,18) (S 29,18,19) (S 20,25,25) (S 49,25,29) (S 23,29,29) (D 1,1,5)
6 13 79.00 4 (D 1,1,6) (S 28,10,15) (S 54,10,3) (D 1,1,6)
7 25 94.00 6 (D 1,1,7) (S 34,15,19) (S 21,26,26) (S 40,30,25) (S 38,25,22) (D 1,1,7)
8 51 186.00 8 (D 1,1,8) (S 70,18,26) (S 24,26,30) (S 69,30,23) (S 25,23,26) (S 35,10,19) (S 43,15,8) (D 1,1,8)
