347.00
9
31000000
31000000
1 10 21.00 4 (D 1,1,1) (S 29,1,24) (S 31,24,27) (D 1,1,1)
2 7 8.00 3 (D 1,1,2) (S 39,1,19) (D 1,1,2)
3 4 11.00 3 (D 1,1,3) (S 33,1,27) (D 1,1,3)
4 27 52.00 7 (D 1,1,4) (S 21,1,15) (S 23,15,20) (S 13,20,20) (S 10,14,14) (S 14,21,21) (D 1,1,4)
5 15 26.00 4 (D 1,1,5) (S 43,15,17) (S 11,17,17) (D 1,1,5)
6 25 65.00 7 (D 1,1,6) (S 12,18,18) (S 17,18,21) (S 25,21,22) (S 15,22,22) (S 22,25,26) (D 1,1,6)
7 24 72.00 6 (D 1,1,7) (S 20,14,20) (S 41,14,18) (S 26,23,26) (S 44,26,27) (D 1,1,7)
8 15 52.00 4 (D 1,1,8) (S 27,21,23) (S 37,23,24) (D 1,1,8)
9 4 40.00 3 (D 1,1,9) (S 19,22,25) (D 1,1,9)
