262.00
10
15000000
15000000
1 2 4.00 3 (D 1,1,1) (S 7,8,8) (D 1,1,1)
2 17 40.00 8 (D 1,1,2) (S 6,7,7) (S 10,7,11) (S 15,1,2) (S 16,2,9) (S 18,6,11) (S 20,1,8) (D 1,1,2)
3 12 18.00 4 (D 1,1,3) (S 11,1,11) (S 8,10,10) (D 1,1,3)
4 7 9.00 3 (D 1,1,4) (S 22,2,8) (D 1,1,4)
5 17 54.00 7 (D 1,1,5) (S 9,1,9) (S 12,6,9) (S 21,7,9) (S 24,1,5) (S 4,5,5) (D 1,1,5)
6 14 28.00 5 (D 1,1,6) (S 14,2,4) (S 17,4,7) (S 23,7,8) (D 1,1,6)
7 7 13.00 3 (D 1,1,7) (S 13,7,10) (D 1,1,7)
8 24 38.00 4 (D 1,1,8) (S 1,2,2) (S 19,9,10) (D 1,1,8)
9 15 29.00 3 (D 1,1,9) (S 3,4,4) (D 1,1,9)
10 17 29.00 3 (D 1,1,10) (S 5,6,6) (D 1,1,10)
