438.00
11
16000000
16000000
1 7 8.00 3 (D 1,1,1) (S 29,1,19) (D 1,1,1)
2 20 45.00 5 (D 1,1,2) (S 17,1,27) (S 13,26,27) (S 37,1,17) (D 1,1,2)
3 12 23.00 4 (D 1,1,3) (S 44,1,15) (S 28,15,17) (D 1,1,3)
4 11 25.00 5 (D 1,1,4) (S 22,3,6) (S 36,6,7) (S 4,7,7) (D 1,1,4)
5 22 97.00 9 (D 1,1,5) (S 19,1,3) (S 11,24,24) (S 35,8,27) (S 5,8,8) (S 12,8,24) (S 41,23,26) (S 40,4,19) (D 1,1,5)
6 13 33.00 5 (D 1,1,6) (S 42,3,4) (S 26,4,10) (S 39,10,11) (D 1,1,6)
7 10 26.00 4 (D 1,1,7) (S 43,15,20) (S 8,20,20) (D 1,1,7)
8 17 30.00 4 (D 1,1,8) (S 3,6,6) (S 25,6,10) (D 1,1,8)
9 21 73.00 5 (D 1,1,9) (S 20,3,8) (S 46,24,27) (S 31,6,8) (D 1,1,9)
10 20 34.00 3 (D 1,1,10) (S 2,4,4) (D 1,1,10)
11 9 44.00 3 (D 1,1,11) (S 14,23,24) (D 1,1,11)
