623.00
6
47000000
47000000
1 13 23.00 7 (D 1,1,1) (S 4,5,5) (S 44,2,4) (S 33,4,2) (S 3,4,4) (S 1,2,2) (D 1,1,1)
2 70 114.00 18 (D 1,1,2) (S 47,1,5) (S 45,11,12) (S 8,12,12) (S 31,12,16) (S 12,16,16) (S 50,16,12) (S 51,12,11) (S 7,11,11) (S 36,12,6) (S 49,7,13) (S 27,13,17) (S 13,17,17) (S 22,17,18) (S 10,14,14) (S 24,14,18) (S 9,13,13) (D 1,1,2)
3 9 21.00 5 (D 1,1,3) (S 30,9,3) (S 42,3,9) (S 6,10,10) (D 1,1,3)
4 127 255.00 20 (D 1,1,4) (S 14,19,19) (S 37,19,22) (S 46,22,23) (S 21,23,24) (S 34,23,22) (S 15,22,22) (S 39,23,21) (S 40,21,23) (S 53,20,1) (S 43,1,20) (S 26,20,21) (S 17,21,24) (S 52,5,11) (S 48,6,12) (S 5,8,8) (S 23,7,8) (S 20,6,7) (S 38,5,2) (D 1,1,4)
5 16 24.00 4 (D 1,1,5) (S 28,1,9) (S 35,3,10) (D 1,1,5)
6 97 186.00 9 (D 1,1,6) (S 41,9,19) (S 16,19,20) (S 25,1,19) (S 2,3,3) (S 18,1,11) (S 29,6,11) (S 19,5,6) (D 1,1,6)
