612.00
10
31000000
31000000
1 87 157.00 22 (D 1,1,1) (S 42,1,2) (S 76,2,6) (S 40,6,12) (S 71,12,13) (S 3,7,7) (S 37,7,13) (S 61,3,4) (S 73,4,3) (S 38,3,7) (S 30,4,38) (S 39,37,38) (S 49,37,30) (S 75,30,37) (S 26,37,37) (S 55,37,31) (S 46,31,37) (S 19,30,30) (S 53,29,36) (S 56,36,29) (S 25,36,36) (D 1,1,1)
2 30 49.00 6 (D 1,1,2) (S 5,9,9) (S 70,9,10) (S 35,10,16) (S 6,10,10) (D 1,1,2)
3 34 43.00 5 (D 1,1,3) (S 33,1,8) (S 4,8,8) (S 59,8,9) (D 1,1,3)
4 26 29.00 4 (D 1,1,4) (S 66,1,11) (S 7,11,11) (D 1,1,4)
5 8 18.00 3 (D 1,1,5) (S 10,17,17) (D 1,1,5)
6 5 18.00 3 (D 1,1,6) (S 44,12,11) (D 1,1,6)
7 8 18.00 3 (D 1,1,7) (S 58,12,17) (D 1,1,7)
8 56 103.00 10 (D 1,1,8) (S 2,6,6) (S 43,13,12) (S 8,13,13) (S 32,3,37) (S 69,5,39) (S 63,39,5) (S 51,39,32) (S 21,32,32) (D 1,1,8)
9 63 138.00 8 (D 1,1,9) (S 1,2,2) (S 48,3,2) (S 29,4,5) (S 27,39,39) (S 34,13,19) (S 60,30,29) (D 1,1,9)
10 15 39.00 3 (D 1,1,10) (S 20,31,31) (D 1,1,10)
