339.00
11
0
0
1 4 9.00 4 (D 1,1,1) (S 17,1,6) (S 7,8,8) (D 1,1,1)
2 14 26.00 7 (D 1,1,2) (S 19,1,2) (S 4,5,5) (S 10,5,7) (S 27,7,9) (S 8,9,9) (D 1,1,2)
3 10 21.00 5 (D 1,1,3) (S 22,1,7) (S 6,7,7) (S 26,6,8) (D 1,1,3)
4 29 66.00 9 (D 1,1,4) (S 15,1,4) (S 3,4,4) (S 24,4,7) (S 5,6,6) (S 9,6,7) (S 11,2,5) (S 18,2,8) (D 1,1,4)
5 9 31.00 5 (D 1,1,5) (S 21,1,5) (S 12,2,3) (S 25,3,8) (D 1,1,5)
6 5 10.00 3 (D 1,1,6) (S 20,1,8) (D 1,1,6)
7 27 70.00 6 (D 1,1,7) (S 28,4,6) (S 30,2,7) (S 1,2,2) (S 23,5,8) (D 1,1,7)
8 10 29.00 4 (D 1,1,8) (S 29,4,5) (S 16,5,9) (D 1,1,8)
9 7 14.00 3 (D 1,1,9) (S 14,4,8) (D 1,1,9)
10 6 22.00 3 (D 1,1,10) (S 13,3,5) (D 1,1,10)
11 32 41.00 3 (D 1,1,11) (S 2,3,3) (D 1,1,11)
