1583.00
10
31000000
31000000
1 75 182.00 18 (D 1,1,1) (S 47,1,6) (S 82,6,1) (S 63,1,7) (S 3,7,7) (S 42,7,13) (S 37,12,13) (S 60,12,18) (S 8,18,18) (S 44,18,12) (S 31,12,19) (S 41,20,26) (S 68,26,20) (S 7,15,15) (S 30,14,15) (S 64,21,20) (S 15,32,32) (D 1,1,1)
2 65 137.00 15 (D 1,1,2) (S 53,6,7) (S 74,7,1) (S 21,6,12) (S 59,19,20) (S 79,20,14) (S 73,14,20) (S 34,26,27) (S 49,27,32) (S 62,32,31) (S 75,31,32) (S 16,33,33) (S 14,28,28) (S 61,28,34) (D 1,1,2)
3 75 184.00 12 (D 1,1,3) (S 25,1,2) (S 38,8,14) (S 52,15,21) (S 10,21,21) (S 77,20,19) (S 9,19,19) (S 4,9,9) (S 71,10,3) (S 43,3,4) (S 32,22,23) (D 1,1,3)
4 72 155.00 12 (D 1,1,4) (S 1,2,2) (S 58,2,8) (S 48,8,9) (S 28,9,10) (S 2,4,4) (S 35,4,10) (S 72,3,10) (S 22,10,16) (S 5,11,11) (S 84,11,17) (D 1,1,4)
5 71 182.00 10 (D 1,1,5) (S 50,6,18) (S 6,13,13) (S 11,23,23) (S 56,22,28) (S 27,28,33) (S 46,33,32) (S 45,32,33) (S 20,23,28) (D 1,1,5)
6 75 237.00 13 (D 1,1,6) (S 55,3,2) (S 39,10,11) (S 85,11,10) (S 23,3,9) (S 29,16,17) (S 76,17,11) (S 54,17,24) (S 12,24,24) (S 83,24,17) (S 81,16,15) (S 57,29,25) (D 1,1,6)
7 19 57.00 4 (D 1,1,7) (S 69,27,28) (S 17,34,34) (D 1,1,7)
8 43 85.00 5 (D 1,1,8) (S 33,26,31) (S 66,30,25) (S 13,25,25) (D 1,1,8)
9 72 265.00 9 (D 1,1,9) (S 36,21,27) (S 70,28,27) (S 26,30,31) (S 18,29,30) (S 80,29,18) (S 24,15,22) (S 78,16,23) (D 1,1,9)
10 32 99.00 5 (D 1,1,10) (S 19,4,11) (S 65,11,24) (S 40,24,34) (D 1,1,10)
