1075.00
8
47000000
47000000
1 31 42.00 9 (D 1,1,1) (S 54,1,2) (S 1,3,3) (S 33,3,9) (S 58,9,8) (S 83,8,9) (S 72,8,7) (S 4,7,7) (D 1,1,1)
2 82 170.00 23 (D 1,1,2) (S 38,2,3) (S 2,4,4) (S 41,4,10) (S 5,10,10) (S 62,10,11) (S 49,11,17) (S 52,17,11) (S 60,17,20) (S 88,20,17) (S 59,17,18) (S 10,18,18) (S 12,21,21) (S 44,21,27) (S 19,33,33) (S 39,33,27) (S 46,27,33) (S 16,27,27) (S 15,26,26) (S 42,26,25) (S 69,25,26) (S 11,19,19) (D 1,1,2)
3 8 15.00 4 (D 1,1,3) (S 50,2,1) (S 65,1,7) (D 1,1,3)
4 53 165.00 12 (D 1,1,4) (S 71,10,4) (S 77,11,10) (S 81,11,5) (S 82,5,11) (S 67,11,12) (S 3,6,6) (S 51,12,6) (S 66,20,27) (S 29,26,27) (S 63,26,19) (D 1,1,4)
5 20 48.00 5 (D 1,1,5) (S 35,3,4) (S 9,16,16) (S 57,16,19) (D 1,1,5)
6 108 243.00 14 (D 1,1,6) (S 32,2,8) (S 86,12,11) (S 40,22,21) (S 47,21,20) (S 70,22,28) (S 74,28,22) (S 68,28,27) (S 30,23,24) (S 37,24,25) (S 13,23,23) (S 31,29,30) (S 17,30,30) (D 1,1,6)
7 33 111.00 5 (D 1,1,7) (S 27,5,6) (S 36,18,22) (S 78,24,30) (D 1,1,7)
8 96 281.00 9 (D 1,1,8) (S 75,16,11) (S 34,16,17) (S 7,14,14) (S 55,14,9) (S 14,25,25) (S 45,24,14) (S 90,23,29) (D 1,1,8)
