498.00
10
31000000
31000000
1 5 16.00 4 (D 1,1,1) (S 17,1,24) (S 13,27,27) (D 1,1,1)
2 23 49.00 6 (D 1,1,2) (S 18,1,17) (S 22,1,15) (S 33,15,20) (S 10,20,20) (D 1,1,2)
3 13 30.00 6 (D 1,1,3) (S 20,3,6) (S 36,4,12) (S 28,12,19) (S 9,19,19) (D 1,1,3)
4 18 37.00 5 (D 1,1,4) (S 27,1,3) (S 5,8,8) (S 23,8,9) (D 1,1,4)
5 13 47.00 7 (D 1,1,5) (S 6,10,10) (S 19,4,10) (S 29,12,13) (S 16,13,14) (S 8,16,16) (D 1,1,5)
6 22 68.00 6 (D 1,1,6) (S 44,3,4) (S 41,2,1) (S 45,15,17) (S 30,24,27) (D 1,1,6)
7 26 57.00 5 (D 1,1,7) (S 14,3,8) (S 35,6,10) (S 1,4,4) (D 1,1,7)
8 26 60.00 5 (D 1,1,8) (S 3,6,6) (S 15,2,12) (S 25,14,16) (D 1,1,8)
9 16 76.00 4 (D 1,1,9) (S 32,13,15) (S 37,4,6) (D 1,1,9)
10 19 58.00 3 (D 1,1,10) (S 7,14,14) (D 1,1,10)
