908.00
11
47000000
47000000
1 175 348.00 31 (D 1,1,1) (S 50,6,12) (S 47,12,6) (S 2,7,7) (S 6,12,12) (S 51,17,13) (S 76,13,17) (S 9,17,17) (S 37,13,18) (S 61,13,12) (S 45,12,17) (S 29,17,18) (S 43,6,7) (S 49,2,3) (S 64,3,7) (S 34,2,6) (S 26,3,4) (S 68,4,38) (S 25,38,38) (S 66,38,4) (S 65,4,5) (S 55,5,4) (S 73,38,37) (S 24,37,37) (S 38,3,37) (S 57,3,2) (S 1,2,2) (S 39,5,39) (S 27,38,39) (S 10,18,18) (D 1,1,1)
2 20 31.00 5 (D 1,1,2) (S 58,1,35) (S 75,35,1) (S 52,1,6) (D 1,1,2)
3 14 24.00 4 (D 1,1,3) (S 5,11,11) (S 62,11,12) (D 1,1,3)
4 118 189.00 15 (D 1,1,4) (S 16,26,26) (S 67,26,34) (S 32,33,34) (S 35,27,34) (S 22,34,34) (S 17,27,27) (S 28,1,33) (S 30,1,40) (S 3,8,8) (S 4,9,9) (S 56,9,15) (S 7,15,15) (S 41,14,15) (D 1,1,4)
5 12 15.00 3 (D 1,1,5) (S 54,1,11) (D 1,1,5)
6 4 16.00 3 (D 1,1,6) (S 8,16,16) (D 1,1,6)
7 20 44.00 6 (D 1,1,7) (S 23,36,36) (S 19,30,30) (S 60,30,31) (S 74,31,38) (D 1,1,7)
8 4 16.00 3 (D 1,1,8) (S 70,10,16) (D 1,1,8)
9 59 99.00 7 (D 1,1,9) (S 71,35,36) (S 69,36,35) (S 40,29,36) (S 36,29,30) (S 20,31,31) (D 1,1,9)
10 42 94.00 7 (D 1,1,10) (S 31,1,10) (S 59,8,9) (S 63,9,8) (S 33,8,40) (S 72,8,14) (D 1,1,10)
11 14 32.00 3 (D 1,1,11) (S 44,26,33) (D 1,1,11)
