233.00
10
0
0
1 5 22.00 6 (D 1,1,1) (S 22,1,12) (S 10,6,12) (S 12,6,7) (S 5,7,7) (D 1,1,1)
2 4 47.00 6 (D 1,1,2) (S 1,2,2) (S 7,9,9) (S 8,9,10) (S 16,10,11) (D 1,1,2)
3 2 17.00 4 (D 1,1,3) (S 11,1,2) (S 21,2,9) (D 1,1,3)
4 1 18.00 3 (D 1,1,4) (S 3,4,4) (D 1,1,4)
5 1 18.00 3 (D 1,1,5) (S 17,1,4) (D 1,1,5)
6 2 24.00 4 (D 1,1,6) (S 6,8,8) (S 23,8,10) (D 1,1,6)
7 1 20.00 3 (D 1,1,7) (S 9,7,8) (D 1,1,7)
8 1 20.00 3 (D 1,1,8) (S 20,1,10) (D 1,1,8)
9 1 23.00 3 (D 1,1,9) (S 18,2,4) (D 1,1,9)
10 1 24.00 3 (D 1,1,10) (S 14,12,13) (D 1,1,10)
