269.00
8
16000000
16000000
1 11 20.00 4 (D 1,1,1) (S 15,1,19) (S 28,1,27) (D 1,1,1)
2 21 51.00 6 (D 1,1,2) (S 3,6,6) (S 19,6,10) (S 38,10,11) (S 14,7,11) (D 1,1,2)
3 8 13.00 3 (D 1,1,3) (S 22,1,17) (D 1,1,3)
4 12 35.00 5 (D 1,1,4) (S 20,3,6) (S 37,6,8) (S 26,8,9) (D 1,1,4)
5 15 34.00 5 (D 1,1,5) (S 31,1,3) (S 2,4,4) (S 30,5,9) (D 1,1,5)
6 22 40.00 5 (D 1,1,6) (S 27,3,4) (S 40,4,5) (S 29,5,6) (D 1,1,6)
7 17 46.00 4 (D 1,1,7) (S 17,3,8) (S 24,6,9) (D 1,1,7)
8 9 30.00 3 (D 1,1,8) (S 34,4,6) (D 1,1,8)
