573.00
11
15000000
15000000
1 27 61.00 12 (D 1,1,1) (S 23,4,6) (S 5,6,6) (S 36,6,10) (S 9,10,10) (S 19,10,11) (S 27,4,5) (S 4,5,5) (S 16,5,7) (S 35,7,11) (S 38,1,8) (D 1,1,1)
2 27 60.00 10 (D 1,1,2) (S 41,1,4) (S 3,4,4) (S 21,4,9) (S 8,9,9) (S 31,3,5) (S 14,5,8) (S 40,8,11) (S 26,1,3) (D 1,1,2)
3 27 64.00 8 (D 1,1,3) (S 33,2,6) (S 28,6,9) (S 34,3,11) (S 18,1,2) (S 39,2,7) (S 44,1,6) (D 1,1,3)
4 26 75.00 7 (D 1,1,4) (S 7,8,8) (S 11,8,9) (S 37,9,10) (S 46,3,6) (S 20,5,6) (D 1,1,4)
5 27 36.00 5 (D 1,1,5) (S 13,1,11) (S 45,1,7) (S 6,7,7) (D 1,1,5)
6 25 50.00 5 (D 1,1,6) (S 22,2,11) (S 29,4,10) (S 32,1,5) (D 1,1,6)
7 26 70.00 6 (D 1,1,7) (S 42,4,7) (S 12,6,8) (S 25,6,7) (S 43,5,9) (D 1,1,7)
8 26 69.00 6 (D 1,1,8) (S 30,2,3) (S 24,3,8) (S 10,3,9) (S 17,2,10) (D 1,1,8)
9 18 40.00 4 (D 1,1,9) (S 47,4,11) (S 15,2,9) (D 1,1,9)
10 21 23.00 3 (D 1,1,10) (S 1,2,2) (D 1,1,10)
11 16 25.00 3 (D 1,1,11) (S 2,3,3) (D 1,1,11)
