1097.00
9
47000000
47000000
1 75 150.00 21 (D 1,1,1) (S 100,1,6) (S 79,6,1) (S 5,6,6) (S 103,6,13) (S 94,13,7) (S 88,7,8) (S 74,8,7) (S 93,8,9) (S 85,9,8) (S 6,8,8) (S 102,7,13) (S 105,13,6) (S 73,6,7) (S 89,7,6) (S 10,13,13) (S 47,13,14) (S 50,14,15) (S 27,31,31) (S 99,41,48) (D 1,1,1)
2 74 127.00 16 (D 1,1,2) (S 12,15,15) (S 62,15,16) (S 13,16,16) (S 86,16,9) (S 7,9,9) (S 69,9,16) (S 87,16,24) (S 22,25,25) (S 53,24,25) (S 71,24,23) (S 91,23,31) (S 32,36,36) (S 37,41,41) (S 36,40,40) (D 1,1,2)
3 74 139.00 13 (D 1,1,3) (S 11,14,14) (S 48,9,15) (S 2,3,3) (S 55,3,9) (S 21,24,24) (S 20,23,23) (S 84,37,43) (S 34,38,38) (S 25,28,28) (S 101,28,32) (S 108,38,28) (D 1,1,3)
4 74 172.00 15 (D 1,1,4) (S 57,5,6) (S 70,37,36) (S 31,35,35) (S 72,48,41) (S 44,48,48) (S 30,34,34) (S 61,34,40) (S 51,40,41) (S 43,47,47) (S 65,47,48) (S 42,46,46) (S 58,33,34) (S 29,33,33) (D 1,1,4)
5 37 101.00 7 (D 1,1,5) (S 82,31,37) (S 33,37,37) (S 75,35,41) (S 52,33,46) (S 60,29,33) (D 1,1,5)
6 66 127.00 9 (D 1,1,6) (S 110,31,23) (S 19,22,22) (S 18,21,21) (S 59,21,27) (S 49,27,35) (S 66,35,36) (S 24,27,27) (D 1,1,6)
7 10 43.00 4 (D 1,1,7) (S 81,31,22) (S 106,22,21) (D 1,1,7)
8 72 170.00 7 (D 1,1,8) (S 4,5,5) (S 67,2,3) (S 1,2,2) (S 54,38,43) (S 28,32,32) (D 1,1,8)
9 27 68.00 4 (D 1,1,9) (S 39,43,43) (S 80,32,38) (D 1,1,9)
