785.00
7
15000000
15000000
1 5 49.00 7 (D 1,1,1) (S 6,12,12) (S 27,12,6) (S 2,3,3) (S 4,2,2) (S 10,2,9) (D 1,1,1)
2 5 76.00 7 (D 1,1,2) (S 23,1,12) (S 7,7,7) (S 26,7,6) (S 25,5,3) (S 1,4,4) (D 1,1,2)
3 5 106.00 7 (D 1,1,3) (S 3,10,10) (S 5,11,11) (S 28,8,10) (S 18,10,11) (S 16,8,11) (D 1,1,3)
4 5 151.00 7 (D 1,1,4) (S 19,1,2) (S 9,2,4) (S 29,9,11) (S 11,5,6) (S 13,5,12) (D 1,1,4)
5 5 222.00 7 (D 1,1,5) (S 20,1,4) (S 17,9,10) (S 14,7,8) (S 15,7,12) (S 12,5,11) (D 1,1,5)
6 3 142.00 5 (D 1,1,6) (S 21,1,7) (S 24,3,4) (S 8,2,3) (D 1,1,6)
7 1 39.00 3 (D 1,1,7) (S 22,1,10) (D 1,1,7)
