382.00
7
31000000
31000000
1 65 111.00 15 (D 1,1,1) (S 1,2,2) (S 53,2,5) (S 3,6,6) (S 97,6,5) (S 107,5,6) (S 78,11,12) (S 81,12,11) (S 12,18,18) (S 49,18,19) (S 13,19,19) (S 40,11,18) (S 50,6,11) (S 96,12,19) (D 1,1,1)
2 38 68.00 12 (D 1,1,2) (S 65,1,15) (S 9,15,15) (S 73,15,24) (S 22,30,30) (S 84,30,38) (S 30,38,38) (S 34,46,46) (S 61,38,30) (S 87,38,46) (S 60,46,38) (D 1,1,2)
3 28 52.00 8 (D 1,1,3) (S 103,15,14) (S 72,14,15) (S 67,15,16) (S 47,16,17) (S 68,17,24) (S 104,24,30) (D 1,1,3)
4 12 15.00 3 (D 1,1,4) (S 95,1,5) (D 1,1,4)
5 12 18.00 3 (D 1,1,5) (S 17,24,24) (D 1,1,5)
6 26 53.00 5 (D 1,1,6) (S 62,16,1) (S 10,16,16) (S 23,31,31) (D 1,1,6)
7 44 65.00 5 (D 1,1,7) (S 8,14,14) (S 11,17,17) (S 64,17,31) (D 1,1,7)
