664.00
10
0
0
1 33 68.00 6 (D 1,1,1) (S 19,1,3) (S 14,3,6) (S 21,6,12) (S 6,12,12) (D 1,1,1)
2 26 48.00 5 (D 1,1,2) (S 16,1,5) (S 10,5,10) (S 4,10,10) (D 1,1,2)
3 31 105.00 5 (D 1,1,3) (S 18,1,4) (S 7,4,5) (S 11,11,13) (D 1,1,3)
4 22 69.00 4 (D 1,1,4) (S 9,2,6) (S 22,6,10) (D 1,1,4)
5 8 44.00 3 (D 1,1,5) (S 12,4,10) (D 1,1,5)
6 17 75.00 5 (D 1,1,6) (S 8,2,8) (S 20,8,9) (S 3,9,9) (D 1,1,6)
7 28 89.00 4 (D 1,1,7) (S 1,2,2) (S 17,8,12) (D 1,1,7)
8 15 55.00 3 (D 1,1,8) (S 5,11,11) (D 1,1,8)
9 13 55.00 3 (D 1,1,9) (S 15,2,3) (D 1,1,9)
10 16 56.00 3 (D 1,1,10) (S 13,4,11) (D 1,1,10)
