391.00
9
16000000
16000000
1 27 83.00 9 (D 1,1,1) (S 10,1,7) (S 28,7,10) (S 9,10,10) (S 17,6,9) (S 8,9,9) (S 11,6,10) (S 22,8,9) (D 1,1,1)
2 26 48.00 7 (D 1,1,2) (S 2,3,3) (S 4,5,5) (S 21,5,8) (S 7,8,8) (S 16,9,10) (D 1,1,2)
3 25 55.00 8 (D 1,1,3) (S 6,7,7) (S 13,3,7) (S 15,3,5) (S 19,3,4) (S 14,4,11) (S 26,1,4) (D 1,1,3)
4 26 49.00 6 (D 1,1,4) (S 12,1,11) (S 33,3,10) (S 5,6,6) (S 29,6,8) (D 1,1,4)
5 4 11.00 3 (D 1,1,5) (S 32,7,9) (D 1,1,5)
6 14 29.00 4 (D 1,1,6) (S 27,4,5) (S 30,5,10) (D 1,1,6)
7 16 37.00 4 (D 1,1,7) (S 18,5,7) (S 25,3,9) (D 1,1,7)
8 17 46.00 4 (D 1,1,8) (S 31,3,11) (S 24,5,11) (D 1,1,8)
9 25 33.00 3 (D 1,1,9) (S 3,4,4) (D 1,1,9)
