5757.00
6
109000000
109000000
1 234 993.00 16 (D 1,1,1) (S 169,1,116) (S 45,2,2) (S 171,2,117) (S 267,117,2) (S 266,117,116) (S 265,116,1) (S 170,116,117) (S 173,117,119) (S 269,119,117) (S 262,113,112) (S 166,112,113) (S 168,113,114) (S 49,114,114) (S 163,110,111) (D 1,1,1)
2 226 1008.00 19 (D 1,1,2) (S 264,114,113) (S 13,111,111) (S 259,111,110) (S 258,110,107) (S 162,107,110) (S 164,110,112) (S 260,112,110) (S 165,107,112) (S 261,112,107) (S 18,108,108) (S 44,106,106) (S 252,105,104) (S 26,104,104) (S 156,104,105) (S 157,105,106) (S 253,106,105) (S 22,102,102) (D 1,1,2)
3 221 1102.00 10 (D 1,1,3) (S 172,117,118) (S 15,103,103) (S 159,107,108) (S 255,108,107) (S 254,107,106) (S 158,106,107) (S 251,104,102) (S 155,102,104) (D 1,1,3)
4 199 900.00 6 (D 1,1,4) (S 268,118,117) (S 270,118,114) (S 263,113,103) (S 167,103,113) (D 1,1,4)
5 134 740.00 5 (D 1,1,5) (S 256,108,106) (S 160,106,108) (S 174,114,118) (D 1,1,5)
6 206 1014.00 4 (D 1,1,6) (S 161,108,109) (S 257,109,108) (D 1,1,6)
