950.00
9
31000000
31000000
1 45 89.00 11 (D 1,1,1) (S 8,10,10) (S 82,10,17) (S 62,31,32) (S 78,32,31) (S 71,31,39) (S 87,39,31) (S 27,32,32) (S 108,30,39) (S 105,39,40) (D 1,1,1)
2 21 24.00 4 (D 1,1,2) (S 58,1,5) (S 4,5,5) (D 1,1,2)
3 70 143.00 16 (D 1,1,3) (S 13,15,15) (S 49,15,24) (S 21,24,24) (S 12,14,14) (S 42,9,14) (S 46,14,15) (S 75,14,22) (S 18,21,21) (S 54,21,22) (S 19,22,22) (S 77,22,14) (S 101,22,13) (S 11,13,13) (S 67,36,38) (D 1,1,3)
4 70 153.00 13 (D 1,1,4) (S 51,1,15) (S 7,9,9) (S 95,13,22) (S 93,13,8) (S 6,8,8) (S 97,8,13) (S 85,1,10) (S 84,38,36) (S 96,38,37) (S 99,37,38) (S 76,29,37) (D 1,1,4)
5 70 160.00 20 (D 1,1,5) (S 40,30,38) (S 48,35,36) (S 29,35,35) (S 30,36,36) (S 69,37,29) (S 102,29,23) (S 20,23,23) (S 23,27,27) (S 22,25,25) (S 100,25,26) (S 107,26,25) (S 74,25,20) (S 17,20,20) (S 98,20,25) (S 43,26,27) (S 88,27,35) (S 89,28,27) (S 57,41,42) (D 1,1,5)
6 66 117.00 10 (D 1,1,6) (S 106,17,30) (S 26,30,30) (S 25,29,29) (S 81,23,29) (S 47,23,28) (S 50,28,29) (S 31,38,38) (S 32,39,39) (D 1,1,6)
7 66 137.00 8 (D 1,1,7) (S 15,17,17) (S 45,17,31) (S 39,26,34) (S 83,34,35) (S 24,28,28) (S 55,42,43) (D 1,1,7)
8 28 73.00 5 (D 1,1,8) (S 44,34,42) (S 64,43,44) (S 34,44,44) (D 1,1,8)
9 13 54.00 3 (D 1,1,9) (S 33,43,43) (D 1,1,9)
