442.00
8
15000000
15000000
1 27 94.00 10 (D 1,1,1) (S 2,3,3) (S 25,1,5) (S 11,5,8) (S 4,5,5) (S 14,7,10) (S 27,1,9) (S 7,9,9) (S 23,6,9) (D 1,1,1)
2 27 81.00 10 (D 1,1,2) (S 10,1,7) (S 6,7,7) (S 15,3,7) (S 32,1,3) (S 28,3,5) (S 9,8,9) (S 31,1,4) (S 13,6,10) (D 1,1,2)
3 27 41.00 6 (D 1,1,3) (S 24,1,8) (S 12,5,10) (S 8,10,10) (S 36,1,11) (D 1,1,3)
4 18 46.00 5 (D 1,1,4) (S 17,3,10) (S 22,7,9) (S 35,5,11) (D 1,1,4)
5 13 40.00 5 (D 1,1,5) (S 33,4,10) (S 18,6,7) (S 30,4,11) (D 1,1,5)
6 27 74.00 5 (D 1,1,6) (S 19,4,7) (S 20,3,9) (S 5,6,6) (D 1,1,6)
7 18 40.00 4 (D 1,1,7) (S 29,4,6) (S 21,3,11) (D 1,1,7)
8 16 26.00 3 (D 1,1,8) (S 3,4,4) (D 1,1,8)
