4005.00
13
79000000
79000000
1 120 423.00 11 (D 1,1,1) (S 201,1,116) (S 35,119,119) (S 207,119,120) (S 212,121,122) (S 214,122,123) (S 33,123,123) (S 34,124,124) (S 227,131,132) (S 234,136,138) (D 1,1,1)
2 118 361.00 8 (D 1,1,2) (S 202,116,117) (S 7,118,118) (S 210,118,121) (S 219,124,126) (S 46,126,126) (S 220,126,127) (D 1,1,2)
3 90 363.00 8 (D 1,1,3) (S 206,117,119) (S 211,120,121) (S 36,131,131) (S 228,132,133) (S 229,133,134) (S 10,135,135) (D 1,1,3)
4 72 317.00 5 (D 1,1,4) (S 216,120,123) (S 215,123,124) (S 224,127,129) (D 1,1,4)
5 69 316.00 4 (D 1,1,5) (S 205,117,118) (S 236,125,138) (D 1,1,5)
6 32 203.00 3 (D 1,1,6) (S 217,123,125) (D 1,1,6)
7 40 289.00 4 (D 1,1,7) (S 226,126,131) (S 231,134,135) (D 1,1,7)
8 45 297.00 4 (D 1,1,8) (S 221,127,128) (S 223,128,129) (D 1,1,8)
9 19 242.00 3 (D 1,1,9) (S 230,133,135) (D 1,1,9)
10 35 252.00 3 (D 1,1,10) (S 225,126,130) (D 1,1,10)
11 56 340.00 4 (D 1,1,11) (S 29,136,136) (S 233,136,137) (D 1,1,11)
12 31 288.00 3 (D 1,1,12) (S 232,134,136) (D 1,1,12)
13 47 314.00 3 (D 1,1,13) (S 235,131,138) (D 1,1,13)
