29925.00
13
16000000
16000000
1 1695 3754.00 23 (D 1,1,1) (S 28,2,8) (S 37,8,7) (S 66,21,20) (S 65,20,15) (S 39,9,3) (S 26,2,1) (S 27,2,3) (S 53,15,14) (S 73,27,23) (S 21,18,24) (S 2,10,10) (S 45,11,10) (S 63,19,18) (S 61,18,19) (S 48,12,19) (S 3,12,12) (S 47,12,13) (S 46,12,11) (S 43,10,17) (S 74,27,29) (S 77,30,31) (D 1,1,1)
2 1650 2561.00 10 (D 1,1,2) (S 34,7,14) (S 57,16,15) (S 5,16,16) (S 29,3,8) (S 35,8,2) (S 33,7,1) (S 25,1,2) (S 15,30,30) (D 1,1,2)
3 1638 2580.00 9 (D 1,1,3) (S 38,8,9) (S 40,9,16) (S 51,14,15) (S 54,15,16) (S 11,23,23) (S 60,18,10) (S 78,31,25) (D 1,1,3)
4 1692 2427.00 9 (D 1,1,4) (S 20,16,23) (S 70,25,19) (S 64,19,25) (S 71,25,24) (S 44,11,5) (S 32,6,5) (S 1,6,6) (D 1,1,4)
5 1650 2270.00 7 (D 1,1,5) (S 67,22,21) (S 55,15,20) (S 4,14,14) (S 52,14,21) (S 72,26,27) (D 1,1,5)
6 1691 2572.00 8 (D 1,1,6) (S 18,11,18) (S 42,10,11) (S 41,10,3) (S 56,16,9) (S 68,23,24) (S 62,19,12) (D 1,1,6)
7 1458 2065.00 6 (D 1,1,7) (S 36,8,3) (S 50,14,8) (S 69,24,25) (S 12,25,25) (D 1,1,7)
8 1428 2079.00 6 (D 1,1,8) (S 23,21,26) (S 14,29,29) (S 24,29,30) (S 79,31,30) (D 1,1,8)
9 1685 2351.00 6 (D 1,1,9) (S 22,20,22) (S 10,22,22) (S 9,21,21) (S 76,29,28) (D 1,1,9)
10 968 1425.00 5 (D 1,1,10) (S 49,13,12) (S 30,4,5) (S 31,5,6) (D 1,1,10)
11 1401 1863.00 6 (D 1,1,11) (S 6,17,17) (S 59,17,18) (S 7,18,18) (S 58,17,10) (D 1,1,11)
12 1634 2240.00 6 (D 1,1,12) (S 13,28,28) (S 75,28,29) (S 16,31,31) (S 8,19,19) (D 1,1,12)
13 1175 1738.00 4 (D 1,1,13) (S 17,4,10) (S 19,13,19) (D 1,1,13)
