767.00
8
47000000
47000000
1 24 55.00 12 (D 1,1,1) (S 89,9,14) (S 90,14,9) (S 59,15,23) (S 18,23,23) (S 22,28,28) (S 68,23,29) (S 104,29,30) (S 24,30,30) (S 65,31,32) (S 26,32,32) (D 1,1,1)
2 35 65.00 10 (D 1,1,2) (S 79,1,9) (S 70,14,15) (S 86,15,24) (S 19,24,24) (S 52,23,28) (S 44,23,24) (S 82,24,30) (S 25,31,31) (D 1,1,2)
3 4 7.00 3 (D 1,1,3) (S 4,5,5) (D 1,1,3)
4 96 183.00 21 (D 1,1,4) (S 64,1,15) (S 12,15,15) (S 96,15,16) (S 100,16,15) (S 105,23,22) (S 17,22,22) (S 102,22,23) (S 101,24,17) (S 71,17,24) (S 23,29,29) (S 80,34,35) (S 92,35,34) (S 95,27,28) (S 45,35,36) (S 78,35,27) (S 21,27,27) (S 46,28,36) (S 28,36,36) (S 34,42,42) (D 1,1,4)
5 74 142.00 11 (D 1,1,5) (S 99,9,1) (S 10,13,13) (S 66,13,8) (S 72,8,13) (S 48,8,9) (S 11,14,14) (S 83,9,13) (S 85,16,1) (S 91,1,5) (D 1,1,5)
6 35 97.00 8 (D 1,1,6) (S 50,28,29) (S 81,26,27) (S 27,34,34) (S 55,21,26) (S 49,26,34) (S 88,43,42) (D 1,1,6)
7 90 188.00 10 (D 1,1,7) (S 13,16,16) (S 58,22,28) (S 16,21,21) (S 35,43,43) (S 36,44,44) (S 54,43,44) (S 42,35,43) (S 74,17,31) (D 1,1,7)
8 14 30.00 3 (D 1,1,8) (S 53,17,30) (D 1,1,8)
