993.00
11
47000000
47000000
1 21 34.00 8 (D 1,1,1) (S 75,7,8) (S 4,8,8) (S 36,8,9) (S 37,3,9) (S 45,3,2) (S 1,2,2) (D 1,1,1)
2 29 64.00 9 (D 1,1,2) (S 46,1,7) (S 73,7,1) (S 2,4,4) (S 65,10,15) (S 8,15,15) (S 41,16,19) (S 10,19,19) (D 1,1,2)
3 29 78.00 9 (D 1,1,3) (S 62,3,4) (S 57,15,16) (S 43,16,15) (S 32,14,15) (S 33,11,17) (S 79,17,20) (S 58,20,19) (D 1,1,3)
4 49 83.00 8 (D 1,1,4) (S 5,9,9) (S 60,4,10) (S 34,10,11) (S 9,17,17) (S 76,27,21) (S 12,21,21) (D 1,1,4)
5 10 27.00 3 (D 1,1,5) (S 50,8,2) (D 1,1,5)
6 46 104.00 9 (D 1,1,6) (S 42,4,3) (S 86,11,12) (S 53,12,6) (S 78,6,12) (S 68,12,11) (S 82,11,5) (S 3,5,5) (D 1,1,6)
7 36 79.00 6 (D 1,1,7) (S 80,20,27) (S 48,27,33) (S 51,33,27) (S 15,27,27) (D 1,1,7)
8 53 139.00 10 (D 1,1,8) (S 7,14,14) (S 56,24,23) (S 77,23,24) (S 31,24,25) (S 66,25,26) (S 54,26,25) (S 52,24,14) (S 11,20,20) (D 1,1,8)
9 74 189.00 9 (D 1,1,9) (S 29,11,16) (S 35,16,17) (S 14,24,24) (S 30,25,31) (S 17,30,30) (S 18,31,31) (S 47,26,19) (D 1,1,9)
10 38 81.00 5 (D 1,1,10) (S 38,15,25) (S 49,26,32) (S 19,32,32) (D 1,1,10)
11 40 115.00 4 (D 1,1,11) (S 13,23,23) (S 39,30,31) (D 1,1,11)
