1493.00
8
47000000
47000000
1 73 119.00 17 (D 1,1,1) (S 40,1,6) (S 3,5,5) (S 61,5,11) (S 77,19,18) (S 59,18,19) (S 15,19,19) (S 81,18,26) (S 70,26,19) (S 20,26,26) (S 107,26,34) (S 46,34,35) (S 26,35,35) (S 36,35,41) (S 57,35,27) (S 22,30,30) (D 1,1,1)
2 42 72.00 7 (D 1,1,2) (S 98,1,5) (S 8,11,11) (S 74,11,19) (S 14,18,18) (S 63,27,30) (D 1,1,2)
3 96 211.00 14 (D 1,1,3) (S 1,2,2) (S 37,1,2) (S 4,6,6) (S 25,34,34) (S 96,27,35) (S 27,36,36) (S 89,36,37) (S 94,37,43) (S 80,42,44) (S 33,44,44) (S 35,50,50) (S 53,44,50) (D 1,1,3)
4 18 49.00 4 (D 1,1,4) (S 56,27,21) (S 17,21,21) (D 1,1,4)
5 103 203.00 20 (D 1,1,5) (S 31,41,41) (S 108,27,31) (S 78,31,22) (S 11,14,14) (S 82,14,15) (S 69,15,14) (S 75,15,16) (S 100,16,15) (S 12,15,15) (S 13,16,16) (S 43,16,24) (S 88,32,28) (S 97,28,32) (S 55,32,31) (S 84,31,27) (S 91,37,31) (S 60,22,23) (S 19,23,23) (D 1,1,5)
6 127 329.00 22 (D 1,1,6) (S 48,27,36) (S 71,43,42) (S 105,42,36) (S 67,42,43) (S 32,43,43) (S 18,22,22) (S 65,22,14) (S 87,14,22) (S 99,7,2) (S 5,7,7) (S 39,7,8) (S 47,8,9) (S 54,9,3) (S 83,3,9) (S 52,8,14) (S 93,24,25) (S 42,25,28) (S 23,32,32) (S 28,38,38) (S 106,45,50) (D 1,1,6)
7 40 147.00 7 (D 1,1,7) (S 66,24,32) (S 38,32,38) (S 41,38,45) (S 92,38,37) (S 68,24,23) (D 1,1,7)
8 71 363.00 11 (D 1,1,8) (S 101,3,2) (S 6,9,9) (S 7,10,10) (S 2,4,4) (S 103,4,3) (S 64,28,38) (S 58,10,4) (S 44,17,25) (S 104,17,10) (D 1,1,8)
