974.00
9
32000000
32000000
1 65 98.00 16 (D 1,1,1) (S 52,1,2) (S 1,2,2) (S 83,2,1) (S 7,11,11) (S 67,11,1) (S 65,6,12) (S 62,12,6) (S 4,6,6) (S 8,12,12) (S 5,7,7) (S 39,7,13) (S 2,3,3) (S 21,3,7) (S 9,13,13) (D 1,1,1)
2 64 117.00 13 (D 1,1,2) (S 45,1,40) (S 49,40,1) (S 75,1,11) (S 10,15,15) (S 70,9,10) (S 59,10,9) (S 50,9,8) (S 6,8,8) (S 53,8,9) (S 84,8,40) (S 29,1,6) (D 1,1,2)
3 50 103.00 12 (D 1,1,3) (S 36,1,33) (S 30,33,34) (S 46,34,35) (S 56,35,34) (S 63,27,28) (S 17,28,28) (S 40,28,35) (S 82,37,38) (S 54,38,37) (S 41,37,3) (D 1,1,3)
4 64 163.00 13 (D 1,1,4) (S 61,1,8) (S 71,16,15) (S 47,15,9) (S 81,36,37) (S 73,37,30) (S 66,30,31) (S 60,31,30) (S 79,31,37) (S 72,37,36) (S 55,38,39) (S 77,39,5) (D 1,1,4)
5 61 117.00 8 (D 1,1,5) (S 31,11,16) (S 69,16,10) (S 37,1,35) (S 57,35,28) (S 23,35,36) (S 76,2,3) (D 1,1,5)
6 46 98.00 9 (D 1,1,6) (S 43,33,26) (S 34,26,27) (S 24,27,34) (S 19,2,36) (S 51,5,39) (S 3,4,4) (S 85,4,3) (D 1,1,6)
7 14 25.00 4 (D 1,1,7) (S 32,12,17) (S 58,17,13) (D 1,1,7)
8 48 137.00 8 (D 1,1,8) (S 74,12,11) (S 27,14,15) (S 38,1,10) (S 22,31,38) (S 33,32,39) (S 42,5,4) (D 1,1,8)
9 40 116.00 5 (D 1,1,9) (S 78,39,38) (S 64,32,31) (S 16,26,26) (D 1,1,9)
