10506.00
8
62000000
62000000
1 1475 1867.00 10 (D 1,1,1) (S 63,1,2) (S 56,11,12) (S 74,11,10) (S 86,19,20) (S 87,20,19) (S 8,10,10) (S 73,10,19) (S 85,19,10) (D 1,1,1)
2 505 856.00 7 (D 1,1,2) (S 11,15,15) (S 71,7,16) (S 10,13,13) (S 76,13,12) (S 75,11,20) (D 1,1,2)
3 385 579.00 5 (D 1,1,3) (S 66,4,5) (S 7,8,8) (S 72,8,9) (D 1,1,3)
4 1685 1994.00 8 (D 1,1,4) (S 3,4,4) (S 68,6,7) (S 6,7,7) (S 78,14,13) (S 77,13,14) (S 9,12,12) (D 1,1,4)
5 493 625.00 4 (D 1,1,5) (S 55,3,4) (S 65,3,12) (D 1,1,5)
6 927 1106.00 5 (D 1,1,6) (S 64,2,3) (S 2,3,3) (S 80,15,14) (D 1,1,6)
7 1332 1605.00 6 (D 1,1,7) (S 1,2,2) (S 79,15,6) (S 69,6,15) (S 70,7,8) (D 1,1,7)
8 1661 1874.00 6 (D 1,1,8) (S 4,5,5) (S 67,5,6) (S 81,16,15) (S 5,6,6) (D 1,1,8)
