283.00
8
16000000
16000000
1 12 25.00 6 (D 1,1,1) (S 17,1,3) (S 15,3,8) (S 11,5,7) (S 5,7,7) (D 1,1,1)
2 5 22.00 4 (D 1,1,2) (S 10,1,8) (S 14,1,7) (D 1,1,2)
3 23 43.00 6 (D 1,1,3) (S 7,1,5) (S 18,5,6) (S 4,6,6) (S 12,6,7) (D 1,1,3)
4 12 54.00 6 (D 1,1,4) (S 19,2,5) (S 6,5,8) (S 9,2,4) (S 16,4,6) (D 1,1,4)
5 10 20.00 4 (D 1,1,5) (S 8,1,2) (S 21,2,7) (D 1,1,5)
6 21 49.00 5 (D 1,1,6) (S 1,2,2) (S 13,2,8) (S 20,1,6) (D 1,1,6)
7 9 29.00 3 (D 1,1,7) (S 3,4,4) (D 1,1,7)
8 24 41.00 3 (D 1,1,8) (S 2,3,3) (D 1,1,8)
