293.00
7
16000000
16000000
1 20 36.00 8 (D 1,1,1) (S 18,1,7) (S 4,5,5) (S 9,5,7) (S 12,8,10) (S 7,10,10) (S 6,8,8) (D 1,1,1)
2 11 30.00 6 (D 1,1,2) (S 27,1,2) (S 14,2,9) (S 25,2,6) (S 23,6,11) (D 1,1,2)
3 8 9.00 3 (D 1,1,3) (S 17,1,11) (D 1,1,3)
4 25 72.00 8 (D 1,1,4) (S 10,2,5) (S 20,7,9) (S 11,1,9) (S 26,1,6) (S 21,6,9) (S 24,7,8) (D 1,1,4)
5 26 51.00 5 (D 1,1,5) (S 5,7,7) (S 8,2,4) (S 3,4,4) (D 1,1,5)
6 27 54.00 5 (D 1,1,6) (S 1,2,2) (S 15,4,9) (S 19,6,10) (D 1,1,6)
7 15 41.00 4 (D 1,1,7) (S 22,6,7) (S 13,9,10) (D 1,1,7)
