1227.00
7
31000000
31000000
1 12 28.00 7 (D 1,1,1) (S 60,1,2) (S 1,2,2) (S 51,2,1) (S 84,9,3) (S 2,3,3) (D 1,1,1)
2 112 226.00 28 (D 1,1,2) (S 67,8,9) (S 46,10,15) (S 73,15,10) (S 6,10,10) (S 96,10,9) (S 53,9,10) (S 83,10,11) (S 30,4,5) (S 52,4,10) (S 75,15,14) (S 62,14,23) (S 14,23,23) (S 29,23,24) (S 15,24,24) (S 81,24,25) (S 16,25,25) (S 20,31,31) (S 63,31,32) (S 21,32,32) (S 88,32,31) (S 89,25,26) (S 17,26,26) (S 70,26,25) (S 40,25,31) (S 86,32,36) (S 27,40,40) (D 1,1,2)
3 129 251.00 27 (D 1,1,3) (S 66,14,15) (S 8,14,14) (S 49,14,24) (S 93,24,14) (S 54,23,29) (S 19,29,29) (S 76,29,23) (S 7,13,13) (S 77,13,23) (S 58,23,13) (S 79,13,14) (S 80,16,19) (S 55,19,16) (S 9,16,16) (S 44,19,20) (S 45,20,17) (S 87,17,20) (S 12,20,20) (S 97,20,19) (S 41,21,27) (S 18,27,27) (S 47,33,37) (S 69,37,33) (S 22,33,33) (S 26,37,37) (D 1,1,3)
4 85 214.00 15 (D 1,1,4) (S 91,11,10) (S 42,11,12) (S 64,12,6) (S 50,6,12) (S 59,12,11) (S 57,11,16) (S 71,16,11) (S 3,4,4) (S 39,5,11) (S 4,6,6) (S 94,9,14) (S 78,26,32) (S 48,36,40) (D 1,1,4)
5 52 103.00 7 (D 1,1,5) (S 38,2,8) (S 10,17,17) (S 33,20,27) (S 98,27,33) (S 35,37,41) (D 1,1,5)
6 106 292.00 11 (D 1,1,6) (S 92,19,26) (S 95,30,29) (S 65,25,15) (S 90,21,20) (S 31,21,22) (S 13,22,22) (S 36,27,28) (S 28,16,17) (S 25,36,36) (D 1,1,6)
7 25 113.00 4 (D 1,1,7) (S 43,30,24) (S 34,30,31) (D 1,1,7)
