1265.00
8
16000000
16000000
1 6 13.00 3 (D 1,1,1) (S 1,3,3) (D 1,1,1)
2 56 111.00 15 (D 1,1,2) (S 6,9,9) (S 41,9,15) (S 62,15,9) (S 70,9,10) (S 54,10,9) (S 44,18,23) (S 14,23,23) (S 20,30,30) (S 49,30,23) (S 42,23,30) (S 16,26,26) (S 34,26,30) (S 27,23,26) (D 1,1,2)
3 15 22.00 4 (D 1,1,3) (S 30,1,2) (S 51,2,3) (D 1,1,3)
4 55 141.00 13 (D 1,1,4) (S 78,2,9) (S 26,15,18) (S 11,17,17) (S 55,17,18) (S 31,18,19) (S 77,18,17) (S 59,13,8) (S 3,5,5) (S 74,5,1) (S 29,10,15) (S 50,10,3) (D 1,1,4)
5 33 64.00 5 (D 1,1,5) (S 68,1,9) (S 32,15,19) (S 76,18,26) (D 1,1,5)
6 143 291.00 25 (D 1,1,6) (S 25,10,19) (S 35,13,14) (S 9,14,14) (S 38,16,20) (S 39,20,16) (S 24,20,24) (S 15,24,24) (S 56,20,27) (S 17,27,27) (S 53,27,20) (S 46,20,21) (S 12,21,21) (S 60,21,22) (S 64,22,17) (S 57,13,16) (S 7,11,11) (S 72,11,12) (S 8,12,12) (S 47,12,16) (S 61,16,11) (S 33,4,7) (S 65,7,6) (S 4,6,6) (D 1,1,6)
7 115 287.00 16 (D 1,1,7) (S 69,8,1) (S 63,8,5) (S 2,4,4) (S 75,7,8) (S 21,8,14) (S 36,13,17) (S 58,16,13) (S 22,16,21) (S 71,21,28) (S 18,28,28) (S 73,28,27) (S 10,16,16) (S 40,29,25) (S 52,25,30) (D 1,1,7)
8 143 336.00 13 (D 1,1,8) (S 66,15,8) (S 48,5,8) (S 23,4,5) (S 28,7,12) (S 67,25,29) (S 43,25,22) (S 13,22,22) (S 37,21,29) (S 19,29,29) (S 45,20,11) (S 5,8,8) (D 1,1,8)
