1206.00
10
47000000
47000000
1 70 135.00 25 (D 1,1,1) (S 91,15,23) (S 103,23,15) (S 15,24,24) (S 94,24,29) (S 17,29,29) (S 24,37,37) (S 115,37,29) (S 80,29,24) (S 99,24,23) (S 14,23,23) (S 61,23,24) (S 116,23,29) (S 105,29,37) (S 118,29,23) (S 37,9,14) (S 6,9,9) (S 97,9,1) (S 93,1,9) (S 44,14,23) (S 48,15,24) (S 36,17,18) (S 62,18,19) (S 9,12,12) (D 1,1,1)
2 66 108.00 16 (D 1,1,2) (S 4,5,5) (S 112,5,6) (S 87,6,11) (S 60,11,12) (S 122,12,11) (S 75,11,6) (S 100,6,5) (S 53,5,10) (S 111,10,11) (S 8,11,11) (S 5,6,6) (S 43,12,19) (S 20,32,32) (S 52,32,40) (D 1,1,2)
3 39 66.00 6 (D 1,1,3) (S 109,1,5) (S 7,10,10) (S 74,19,32) (S 77,32,19) (D 1,1,3)
4 27 46.00 7 (D 1,1,4) (S 11,16,16) (S 79,16,15) (S 110,15,16) (S 96,16,17) (S 68,17,10) (D 1,1,4)
5 70 156.00 20 (D 1,1,5) (S 113,1,16) (S 13,22,22) (S 10,13,13) (S 67,13,22) (S 50,21,26) (S 84,26,25) (S 65,25,33) (S 70,33,25) (S 104,25,26) (S 16,26,26) (S 54,21,22) (S 88,20,25) (S 120,25,20) (S 39,20,21) (S 22,34,34) (S 34,42,43) (S 27,43,43) (S 55,41,42) (D 1,1,5)
6 67 157.00 18 (D 1,1,6) (S 35,14,15) (S 69,14,22) (S 85,22,13) (S 114,13,9) (S 38,1,15) (S 66,28,27) (S 108,27,28) (S 101,36,38) (S 25,38,38) (S 18,30,30) (S 45,30,38) (S 32,46,50) (S 78,50,49) (S 82,49,50) (S 107,46,45) (S 76,45,44) (D 1,1,6)
7 59 92.00 8 (D 1,1,7) (S 119,17,30) (S 90,30,17) (S 12,17,17) (S 51,17,24) (S 73,27,35) (S 23,35,35) (D 1,1,7)
8 66 151.00 12 (D 1,1,8) (S 40,22,23) (S 33,26,34) (S 47,34,42) (S 71,43,44) (S 28,44,44) (S 58,44,43) (S 30,48,48) (S 59,48,49) (S 31,49,49) (S 95,45,49) (D 1,1,8)
9 69 193.00 10 (D 1,1,9) (S 117,13,8) (S 92,8,13) (S 64,8,9) (S 89,28,22) (S 21,33,33) (S 102,43,48) (S 57,45,50) (S 42,45,48) (D 1,1,9)
10 38 102.00 6 (D 1,1,10) (S 46,28,29) (S 49,28,36) (S 41,36,44) (S 56,38,46) (D 1,1,10)
