2718.00
7
31000000
31000000
1 198 382.00 42 (D 1,1,1) (S 18,2,2) (S 26,12,12) (S 115,12,6) (S 13,13,13) (S 116,13,7) (S 50,7,13) (S 22,3,3) (S 30,4,4) (S 43,3,7) (S 109,7,3) (S 25,37,37) (S 27,29,29) (S 24,35,35) (S 31,1,2) (S 97,2,1) (S 49,6,12) (S 10,6,6) (S 106,6,2) (S 40,2,6) (S 17,17,17) (S 127,17,13) (S 62,13,18) (S 9,18,18) (S 128,18,13) (S 61,13,17) (S 70,20,21) (S 72,21,22) (S 74,22,25) (S 140,25,22) (S 138,22,21) (S 136,21,20) (S 28,20,20) (S 12,25,25) (S 142,25,24) (S 76,24,25) (S 141,24,23) (S 75,23,24) (S 139,24,21) (S 73,21,24) (S 137,23,20) (D 1,1,1)
2 200 372.00 26 (D 1,1,2) (S 21,8,8) (S 6,10,10) (S 120,10,9) (S 54,9,10) (S 11,15,15) (S 121,15,9) (S 55,9,15) (S 65,15,16) (S 131,16,15) (S 130,15,14) (S 7,14,14) (S 64,14,15) (S 122,16,10) (S 56,10,16) (S 124,16,11) (S 14,11,11) (S 58,11,16) (S 32,1,6) (S 98,6,1) (S 16,34,34) (S 3,28,28) (S 146,28,27) (S 81,27,34) (S 20,32,32) (D 1,1,2)
3 199 388.00 29 (D 1,1,3) (S 42,3,4) (S 108,4,3) (S 46,4,38) (S 161,38,37) (S 95,37,38) (S 112,38,4) (S 45,4,5) (S 47,5,39) (S 29,39,39) (S 113,39,5) (S 2,5,5) (S 111,5,4) (S 5,7,7) (S 114,7,6) (S 48,6,7) (S 44,3,37) (S 152,37,30) (S 86,30,37) (S 110,37,3) (S 19,19,19) (S 132,18,17) (S 126,17,12) (S 60,12,17) (S 66,17,18) (S 1,22,22) (S 4,21,21) (S 71,20,23) (D 1,1,3)
4 195 335.00 21 (D 1,1,4) (S 33,1,8) (S 99,8,1) (S 36,1,33) (S 91,33,34) (S 157,34,33) (S 23,33,33) (S 102,33,1) (S 35,1,11) (S 101,11,1) (S 38,1,40) (S 104,40,1) (S 37,1,35) (S 103,35,1) (S 41,2,36) (S 150,36,29) (S 84,29,36) (S 107,36,2) (S 39,2,3) (S 105,3,2) (D 1,1,4)
5 195 408.00 20 (D 1,1,5) (S 53,8,40) (S 119,40,8) (S 51,8,9) (S 117,9,8) (S 52,8,14) (S 118,14,8) (S 147,34,27) (S 15,27,27) (S 143,27,26) (S 77,26,27) (S 80,27,28) (S 92,34,35) (S 158,35,34) (S 145,34,26) (S 78,26,33) (S 144,33,26) (S 79,26,34) (S 59,12,13) (D 1,1,5)
6 195 389.00 21 (D 1,1,6) (S 57,11,12) (S 123,12,11) (S 94,36,37) (S 154,37,31) (S 151,31,30) (S 8,30,30) (S 85,30,31) (S 88,31,37) (S 155,38,31) (S 89,31,38) (S 156,39,32) (S 90,32,39) (S 162,39,38) (S 96,38,39) (S 153,32,31) (S 149,30,29) (S 83,29,30) (S 160,37,36) (S 159,36,35) (D 1,1,6)
7 190 444.00 17 (D 1,1,7) (S 34,1,10) (S 100,10,1) (S 125,13,12) (S 67,17,20) (S 133,20,17) (S 63,13,19) (S 134,19,18) (S 68,18,19) (S 129,19,13) (S 69,18,22) (S 135,22,18) (S 87,31,32) (S 93,35,36) (S 148,35,28) (S 82,28,35) (D 1,1,7)
