481.00
8
15000000
15000000
1 44 92.00 13 (D 1,1,1) (S 20,1,5) (S 1,2,2) (S 26,2,10) (S 40,10,2) (S 29,5,4) (S 44,4,5) (S 21,5,11) (S 46,11,1) (S 31,20,15) (S 9,15,15) (S 39,15,20) (D 1,1,1)
2 42 66.00 7 (D 1,1,2) (S 34,1,9) (S 32,9,19) (S 15,23,23) (S 22,22,23) (S 14,21,21) (D 1,1,2)
3 45 86.00 6 (D 1,1,3) (S 33,1,11) (S 17,2,5) (S 37,5,6) (S 19,6,11) (D 1,1,3)
4 34 53.00 5 (D 1,1,4) (S 43,19,9) (S 13,19,19) (S 36,19,22) (D 1,1,4)
5 25 46.00 4 (D 1,1,5) (S 30,1,19) (S 16,21,23) (D 1,1,5)
6 25 33.00 4 (D 1,1,6) (S 24,1,20) (S 28,20,21) (D 1,1,6)
7 25 49.00 4 (D 1,1,7) (S 2,3,3) (S 23,3,4) (D 1,1,7)
8 29 56.00 3 (D 1,1,8) (S 3,6,6) (D 1,1,8)
