1506.00
8
31000000
31000000
1 65 179.00 14 (D 1,1,1) (S 34,1,5) (S 9,14,14) (S 8,12,12) (S 29,12,13) (S 60,13,8) (S 59,8,14) (S 44,14,8) (S 52,14,13) (S 63,12,11) (S 41,11,12) (S 45,11,16) (S 40,16,11) (D 1,1,1)
2 65 212.00 12 (D 1,1,2) (S 30,5,8) (S 72,15,9) (S 47,9,15) (S 43,9,10) (S 62,10,9) (S 2,3,3) (S 25,3,10) (S 32,10,15) (S 27,15,19) (S 66,22,29) (D 1,1,2)
3 65 193.00 9 (D 1,1,3) (S 53,13,16) (S 42,17,14) (S 38,14,15) (S 10,15,15) (S 7,9,9) (S 35,20,24) (S 49,20,16) (D 1,1,3)
4 62 142.00 6 (D 1,1,4) (S 6,8,8) (S 11,16,16) (S 16,22,22) (S 22,29,29) (D 1,1,4)
5 65 204.00 11 (D 1,1,5) (S 14,20,20) (S 18,24,24) (S 58,20,21) (S 15,21,21) (S 21,28,28) (S 55,21,20) (S 33,24,27) (S 20,27,27) (S 28,21,28) (D 1,1,5)
6 60 195.00 12 (D 1,1,6) (S 24,17,22) (S 61,22,21) (S 71,21,29) (S 68,29,22) (S 54,29,30) (S 23,30,30) (S 39,26,30) (S 50,30,29) (S 56,29,28) (S 12,17,17) (D 1,1,6)
7 65 203.00 8 (D 1,1,7) (S 26,16,17) (S 37,17,18) (S 13,18,18) (S 64,23,18) (S 67,26,23) (S 17,23,23) (D 1,1,7)
8 37 178.00 5 (D 1,1,8) (S 31,11,20) (S 48,26,18) (S 36,10,19) (D 1,1,8)
