709.00
13
16000000
16000000
1 23 40.00 7 (D 1,1,1) (S 14,1,5) (S 48,5,4) (S 30,4,5) (S 3,5,5) (S 5,9,9) (D 1,1,1)
2 15 23.00 4 (D 1,1,2) (S 35,20,15) (S 9,15,15) (D 1,1,2)
3 9 12.00 3 (D 1,1,3) (S 47,1,9) (D 1,1,3)
4 19 42.00 5 (D 1,1,4) (S 34,1,11) (S 38,11,1) (S 40,19,9) (D 1,1,4)
5 22 31.00 4 (D 1,1,5) (S 39,1,19) (S 12,22,22) (D 1,1,5)
6 37 63.00 7 (D 1,1,6) (S 16,1,20) (S 50,21,24) (S 21,23,24) (S 37,24,21) (S 46,21,15) (D 1,1,6)
7 24 37.00 4 (D 1,1,7) (S 41,20,21) (S 22,21,23) (D 1,1,7)
8 41 130.00 15 (D 1,1,8) (S 7,13,13) (S 8,14,14) (S 11,17,17) (S 36,17,16) (S 31,16,17) (S 44,17,13) (S 4,8,8) (S 13,7,13) (S 49,18,17) (S 10,16,16) (S 6,12,12) (S 29,12,17) (S 33,17,12) (D 1,1,8)
9 44 104.00 8 (D 1,1,9) (S 25,5,6) (S 42,6,7) (S 26,7,6) (S 17,12,16) (S 23,13,14) (S 15,14,18) (D 1,1,9)
10 13 22.00 3 (D 1,1,10) (S 45,19,22) (D 1,1,10)
11 39 77.00 5 (D 1,1,11) (S 2,3,3) (S 24,3,4) (S 27,19,20) (D 1,1,11)
12 35 83.00 5 (D 1,1,12) (S 20,6,12) (S 19,7,8) (S 43,6,5) (D 1,1,12)
13 18 45.00 3 (D 1,1,13) (S 18,6,11) (D 1,1,13)
